Zeitstempel	Drehzahl	Drehmoment	Leistung	Durchfluss DN 20	Durchfluss DN 40	Druck 1	Druck 2	Druck 3	Druck 4	Druck 5	Druck 6	Temperatur Thermoelement	Temperatur Leitung	Taupunkttemperatur
hh:mm:ss	U/min	Nm	W	Nm³/h	Nm³/h	bar	bar	bar	bar	bar	bar	°C	°C	°C
 10:07:22	3280,858464	-3,282088	-1058,889499	0,126994	48,872802	0,980102	0,977905	0,974324	0,979586	0,978990	0,979739	21,430653	21,749303	-2,155144
 10:07:23	3280,807994	-3,279765	-1058,123180	0,126779	48,884788	0,980092	0,977902	0,974335	0,979580	0,978986	0,979739	21,430538	21,749361	-2,155267
 10:07:25	3278,789230	-3,186844	-1027,470422	0,118191	49,364238	0,979665	0,977788	0,974799	0,979348	0,978831	0,979749	21,425915	21,751672	-2,160202
 10:07:26	3278,760390	-3,187324	-1027,615728	0,150825	49,337389	0,979680	0,977800	0,974792	0,979355	0,978839	0,979751	21,425475	21,750482	-2,159694
 10:07:27	3278,198020	-3,196697	-1030,449188	0,787190	48,813829	0,979981	0,978026	0,974659	0,979497	0,978999	0,979804	21,416910	21,727273	-2,149775
 10:07:28	3278,390283	-3,199260	-1031,340372	0,721922	48,813829	0,979996	0,978009	0,974688	0,979498	0,978978	0,979816	21,419037	21,731109	-2,149823
 10:07:29	3280,168719	-3,222971	-1039,583829	0,118191	48,813829	0,980130	0,977858	0,974957	0,979511	0,978785	0,979921	21,438710	21,766595	-2,150267
 10:07:30	3280,144686	-3,241395	-1045,518128	0,117655	49,147047	0,980120	0,977890	0,974913	0,979503	0,978839	0,979916	21,435155	21,769600	-2,148813
 10:07:31	3279,971649	-3,374049	-1088,245078	0,113790	51,546216	0,980047	0,978119	0,974594	0,979446	0,979227	0,979879	21,409565	21,791230	-2,138347
 10:07:32	3279,913970	-3,388948	-1093,029684	0,115078	51,767722	0,980048	0,978094	0,974596	0,979461	0,979196	0,979900	21,409946	21,787209	-2,136601
 10:07:33	3279,577509	-3,475862	-1120,939888	0,122593	53,059841	0,980056	0,977946	0,974608	0,979548	0,979013	0,980023	21,412171	21,763753	-2,126410
 10:07:34	3279,500604	-3,449588	-1112,439671	0,284045	52,112447	0,979892	0,977896	0,974620	0,979513	0,978996	0,980011	21,405560	21,764400	-2,125157
 10:07:35	3279,183369	-3,341206	-1077,376275	0,950038	48,204448	0,979218	0,977686	0,974673	0,979367	0,978924	0,979958	21,378287	21,767069	-2,119986
 10:07:36	3279,248258	-3,308042	-1066,704352	0,770336	48,269174	0,979500	0,977733	0,974686	0,979388	0,978917	0,979944	21,380003	21,770657	-2,118409
 10:07:37	3279,478974	-3,190128	-1028,759737	0,131395	48,499310	0,980503	0,977900	0,974733	0,979464	0,978892	0,979893	21,386107	21,783413	-2,112798
 10:07:38	3279,928390	-3,202464	-1032,890232	0,126672	48,615337	0,980410	0,977921	0,974707	0,979476	0,978904	0,979867	21,378986	21,772419	-2,110958
 10:07:39	3281,154068	-3,236108	-1044,155217	0,113790	48,931774	0,980158	0,977979	0,974636	0,979506	0,978938	0,979795	21,359567	21,742433	-2,105938
 10:07:40	3280,461920	-3,276481	-1056,937288	0,118943	49,731497	0,980036	0,977969	0,974661	0,979538	0,978940	0,979833	21,364214	21,750129	-2,104463
 10:07:41	3278,789230	-3,374049	-1087,827294	0,131395	51,664161	0,979739	0,977946	0,974724	0,979614	0,978943	0,979925	21,375443	21,768727	-2,100897
 10:07:42	3278,914201	-3,346973	-1079,140926	0,356077	50,193208	0,979766	0,977868	0,974641	0,979572	0,978877	0,979977	21,385060	21,786377	-2,095803
 10:07:43	3279,183369	-3,288657	-1060,431826	0,840006	47,025001	0,979823	0,977700	0,974463	0,979483	0,978733	0,980088	21,405774	21,824392	-2,084829
 10:07:44	3279,579912	-3,324704	-1072,195960	0,574317	47,420547	0,979878	0,977764	0,974577	0,979393	0,978773	0,979973	21,383927	21,813906	-2,083784
 10:07:45	3280,267254	-3,387186	-1092,587127	0,113790	48,106161	0,979972	0,977877	0,974775	0,979236	0,978841	0,979772	21,346060	21,795731	-2,081972
 10:07:46	3280,382612	-3,388468	-1093,041509	0,112072	48,259585	0,979772	0,977844	0,974744	0,979298	0,978853	0,979795	21,349204	21,800445	-2,076057
 10:07:47	3280,562859	-3,390470	-1093,751482	0,109389	48,499310	0,979460	0,977793	0,974696	0,979395	0,978873	0,979832	21,354117	21,807811	-2,066814
 10:07:48	3280,031731	-3,385023	-1091,806413	0,231659	49,037253	0,979653	0,977785	0,974681	0,979422	0,978794	0,979707	21,348124	21,798186	-2,064709
 10:07:49	3279,281904	-3,377333	-1089,060432	0,404276	49,796702	0,979925	0,977774	0,974659	0,979460	0,978682	0,979530	21,339662	21,784598	-2,061737
 10:07:50	3276,496490	-3,314931	-1067,992406	0,479743	47,920134	0,979856	0,977772	0,974676	0,979494	0,978773	0,979577	21,346361	21,791184	-2,056804
 10:07:51	3273,271273	-3,242677	-1043,597849	0,567125	45,747266	0,979776	0,977769	0,974696	0,979534	0,978878	0,979632	21,354117	21,798810	-2,051091
 10:07:52	3149,767108	-3,333996	-1064,545316	0,345986	46,926714	0,979895	0,977724	0,974533	0,979389	0,978914	0,979857	21,342905	21,802739	-2,046644
 10:07:53	3025,087735	-3,429882	-1086,540156	0,113790	48,165133	0,980019	0,977676	0,974361	0,979236	0,978952	0,980093	21,331131	21,806864	-2,041975
 10:07:54	3009,331796	-3,443981	-1085,303848	0,118513	48,576502	0,980149	0,977714	0,974413	0,979314	0,978887	0,979901	21,316636	21,788942	-2,038489
 10:07:55	2995,724393	-3,456157	-1084,236127	0,122593	48,931774	0,980261	0,977746	0,974459	0,979381	0,978831	0,979735	21,304117	21,773465	-2,035478
 10:07:56	2987,709442	-3,365878	-1053,149025	0,120124	48,490680	0,980073	0,977710	0,974521	0,979443	0,978711	0,979643	21,304914	21,785690	-2,030231
 10:07:57	2981,436872	-3,295226	-1028,819988	0,118191	48,145476	0,979925	0,977681	0,974570	0,979492	0,978617	0,979572	21,305539	21,795257	-2,026125
 10:07:58	2981,667587	-3,270233	-1021,095451	0,391287	47,915340	0,979844	0,977782	0,974396	0,979454	0,978568	0,979553	21,291806	21,803992	-2,021970
 10:07:59	2981,831010	-3,252530	-1015,623904	0,584730	47,752327	0,979786	0,977853	0,974272	0,979427	0,978533	0,979539	21,282078	21,810180	-2,019028
 10:08:00	2982,705805	-3,312929	-1034,790620	0,288876	47,415753	0,979715	0,977839	0,974193	0,979312	0,978672	0,979563	21,293499	21,802519	-2,010869
 10:08:01	2983,210495	-3,347774	-1045,848340	0,118191	47,221575	0,979674	0,977830	0,974147	0,979246	0,978752	0,979576	21,300088	21,798100	-2,006162
 10:08:02	2984,248713	-3,427799	-1071,225381	0,115293	47,027398	0,979760	0,977833	0,974269	0,979347	0,978544	0,979432	21,282922	21,797008	-2,001752
 10:08:03	2984,787049	-3,469294	-1084,383846	0,113790	46,926713	0,979804	0,977835	0,974333	0,979399	0,978435	0,979357	21,274021	21,796441	-1,999466
 10:08:04	2982,835583	-3,502938	-1094,180807	0,110784	48,470543	0,979626	0,977793	0,974565	0,979485	0,978391	0,979564	21,287777	21,817956	-1,993351
 10:08:06	2981,929545	-3,518558	-1098,729395	0,109389	49,187321	0,979544	0,977774	0,974673	0,979525	0,978370	0,979660	21,294164	21,827945	-1,990513
 10:08:07	2980,271280	-3,391191	-1058,376145	0,698734	49,403074	0,979843	0,977699	0,974707	0,979235	0,978578	0,979725	21,269368	21,807320	-1,981072
 10:08:08	2979,663249	-3,344490	-1043,579954	0,914828	49,482183	0,979953	0,977672	0,974719	0,979129	0,978654	0,979749	21,260276	21,799758	-1,977611
 10:08:09	2982,717822	-3,339524	-1043,097971	0,309165	46,583907	0,980193	0,977827	0,974691	0,979281	0,978665	0,979706	21,252392	21,816055	-1,969080
 10:08:10	2983,703168	-3,337922	-1042,942493	0,113790	45,648979	0,980270	0,977877	0,974682	0,979329	0,978668	0,979693	21,249849	21,821313	-1,966328
 10:08:11	2983,623860	-3,340565	-1043,740701	0,106705	48,465269	0,980000	0,977922	0,974603	0,979254	0,978634	0,979513	21,257478	21,841331	-1,964190
 10:08:12	2983,604633	-3,341206	-1043,934206	0,104987	49,148006	0,979935	0,977932	0,974584	0,979236	0,978626	0,979469	21,259328	21,846183	-1,963672
 10:08:13	2984,094903	-3,371165	-1053,468142	0,115937	48,936089	0,979664	0,977782	0,974461	0,979124	0,978792	0,979577	21,284286	21,838916	-1,954844
 10:08:14	2984,195841	-3,377333	-1055,431011	0,118191	48,892459	0,979609	0,977751	0,974435	0,979101	0,978827	0,979600	21,289424	21,837419	-1,953026
 10:08:15	2983,691151	-3,307241	-1033,352855	0,614143	46,375346	0,979975	0,977850	0,974511	0,979352	0,978862	0,979655	21,249369	21,813357	-1,950929
 10:08:16	2983,604633	-3,295226	-1029,568029	0,699164	45,943841	0,980037	0,977867	0,974524	0,979395	0,978868	0,979665	21,242502	21,809232	-1,950570
 10:08:17	2986,716885	-3,304117	-1033,423329	0,178843	48,285475	0,980365	0,977720	0,974406	0,979500	0,978730	0,979673	21,244213	21,826974	-1,944428
 10:08:18	2987,053345	-3,305079	-1033,840118	0,122593	48,538625	0,980400	0,977704	0,974393	0,979511	0,978715	0,979674	21,244398	21,828892	-1,943764
 10:08:19	2986,075209	-3,411778	-1066,865542	0,122593	48,183832	0,980342	0,977931	0,974511	0,979389	0,978618	0,979897	21,203977	21,797470	-1,939822
 10:08:20	2985,969464	-3,423313	-1070,435858	0,122593	48,145476	0,980335	0,977956	0,974524	0,979376	0,978608	0,979921	21,199607	21,794073	-1,939396
 10:08:21	2990,749595	-3,329591	-1042,793975	0,130966	49,080404	0,979565	0,977894	0,974666	0,979332	0,978754	0,979792	21,225532	21,830123	-1,926224
 10:08:22	2990,994730	-3,324784	-1041,376443	0,131395	49,128349	0,979525	0,977891	0,974673	0,979329	0,978761	0,979786	21,226861	21,831972	-1,925548
 10:08:23	2910,052247	-3,427319	-1044,419237	0,127101	47,268082	0,979580	0,977791	0,974455	0,979389	0,978693	0,979831	21,183393	21,801006	-1,920897
 10:08:24	2906,336780	-3,435249	-1045,483039	0,126457	47,239315	0,979584	0,977790	0,974452	0,979386	0,978690	0,979826	21,183052	21,800878	-1,920651
 10:08:25	2838,660582	-3,649930	-1084,992334	0,104987	47,948901	0,979711	0,977886	0,974566	0,979246	0,978622	0,979576	21,212879	21,826761	-1,915467
 10:08:26	2837,184974	-3,642080	-1082,119589	0,106061	47,990134	0,979691	0,977881	0,974566	0,979253	0,978619	0,979578	21,211017	21,827153	-1,915419
 10:08:27	2808,410622	-3,489000	-1026,101062	0,126994	48,794172	0,979292	0,977793	0,974561	0,979390	0,978566	0,979604	21,174722	21,834814	-1,914484
 10:08:28	2807,862677	-3,482511	-1023,997706	0,166928	48,575543	0,979285	0,977789	0,974574	0,979374	0,978562	0,979614	21,173248	21,835837	-1,914210
 10:08:29	2800,922037	-3,400323	-997,355198	0,672756	45,806238	0,979199	0,977742	0,974743	0,979171	0,978519	0,979744	21,154577	21,848789	-1,910736
 10:08:30	2800,958086	-3,399923	-997,250543	0,606200	46,185004	0,979257	0,977738	0,974697	0,979201	0,978528	0,979741	21,157843	21,846074	-1,910480
 10:08:31	2801,217639	-3,397039	-996,497029	0,126994	48,912117	0,979674	0,977709	0,974365	0,979418	0,978589	0,979721	21,181358	21,826524	-1,908643
 10:08:32	2800,958086	-3,402807	-998,095497	0,126350	48,820062	0,979682	0,977731	0,974398	0,979416	0,978580	0,979739	21,184618	21,832278	-1,907663
 10:08:33	2799,444027	-3,436451	-1007,419892	0,122593	48,283078	0,979730	0,977858	0,974589	0,979404	0,978529	0,979846	21,203636	21,865843	-1,901946
 10:08:34	2799,780485	-3,412900	-1000,632010	0,126350	47,474246	0,979759	0,977864	0,974572	0,979435	0,978545	0,979827	21,203838	21,864468	-1,901518
 10:08:35	2801,414707	-3,298510	-967,662294	0,144599	43,545631	0,979898	0,977891	0,974487	0,979586	0,978626	0,979735	21,204821	21,857790	-1,899435
 10:08:36	2801,587742	-3,320138	-974,068814	0,303046	44,188574	0,979771	0,977924	0,974525	0,979528	0,978645	0,979794	21,201023	21,864029	-1,899068
 10:08:37	2802,202979	-3,397039	-996,847551	0,866413	46,474592	0,979320	0,978044	0,974664	0,979325	0,978710	0,980005	21,187520	21,886212	-1,897761
 10:08:38	2803,092188	-3,401845	-998,576100	0,682847	46,460208	0,979459	0,978041	0,974634	0,979301	0,978682	0,979947	21,186017	21,887599	-1,896962
 10:08:39	2805,848737	-3,416745	-1003,934601	0,113790	46,415620	0,979888	0,978030	0,974542	0,979227	0,978594	0,979767	21,181358	21,891897	-1,894485
 10:08:40	2803,137851	-3,442699	-1010,565479	0,115078	44,896721	0,979771	0,977947	0,974564	0,979303	0,978696	0,979718	21,167832	21,883439	-1,891684
 10:08:41	2796,586541	-3,505421	-1026,590101	0,118191	41,226051	0,979488	0,977746	0,974617	0,979488	0,978943	0,979600	21,135143	21,863000	-1,884914
 10:08:42	2797,023936	-3,490842	-1022,479103	0,116688	42,709470	0,979653	0,977738	0,974569	0,979529	0,978849	0,979566	21,137004	21,867368	-1,889512
 10:08:43	2797,867483	-3,462725	-1014,550748	0,113790	45,570349	0,979972	0,977723	0,974477	0,979609	0,978668	0,979502	21,140594	21,875791	-1,898380
 10:08:44	2798,191924	-3,493966	-1023,824641	0,406853	46,764180	0,979999	0,977754	0,974537	0,979628	0,978641	0,979582	21,154554	21,875791	-1,897854
 10:08:45	2798,754289	-3,548117	-1039,899389	0,914828	48,833487	0,980047	0,977807	0,974640	0,979660	0,978594	0,979721	21,178751	21,875791	-1,896942
 10:08:47	2797,523816	-3,550680	-1040,192632	0,603945	48,097051	0,979763	0,977845	0,974622	0,979511	0,978594	0,979733	21,157664	21,871446	-1,897169
 10:08:48	2795,601202	-3,554686	-1040,650824	0,118191	46,946371	0,979320	0,977905	0,974594	0,979278	0,978594	0,979753	21,124714	21,864658	-1,897524
 10:08:49	2798,499543	-3,505661	-1027,343753	0,118191	44,633503	0,979520	0,977833	0,974547	0,979401	0,978653	0,979778	21,129188	21,870274	-1,899578
 10:08:50	2802,202979	-3,443019	-1010,340272	0,118191	41,678173	0,979776	0,977742	0,974487	0,979558	0,978729	0,979809	21,134906	21,877449	-1,902201
 10:08:51	2800,239509	-3,453673	-1012,753974	0,118191	41,978788	0,979789	0,977742	0,974484	0,979497	0,978727	0,979779	21,131061	21,871192	-1,904292
 10:08:52	2797,966017	-3,466009	-1015,548786	0,118191	42,326869	0,979804	0,977742	0,974482	0,979427	0,978724	0,979744	21,126610	21,863948	-1,906714
 10:08:53	2775,759837	-3,417946	-993,635397	0,373682	44,187135	0,979863	0,977755	0,974521	0,979323	0,978729	0,979671	21,119211	21,870534	-1,908898
 10:08:54	2752,443349	-3,367480	-970,626338	0,641947	46,140415	0,979925	0,977769	0,974561	0,979213	0,978733	0,979595	21,111442	21,877449	-1,911191
 10:08:55	2713,741224	-3,520801	-1000,012788	0,360907	46,477948	0,979791	0,977834	0,974561	0,979328	0,978733	0,979647	21,120725	21,893843	-1,914647
 10:08:56	2680,316661	-3,653215	-1025,391994	0,118191	46,769454	0,979674	0,977891	0,974561	0,979427	0,978733	0,979693	21,128743	21,908002	-1,917632
 10:08:57	2671,196296	-3,655057	-1022,416869	0,113253	46,648153	0,979789	0,977864	0,974525	0,979338	0,978809	0,979789	21,116777	21,885813	-1,924676
 10:08:58	2664,058619	-3,656499	-1020,088510	0,109389	46,553222	0,979879	0,977844	0,974496	0,979269	0,978868	0,979865	21,107412	21,868448	-1,930189
 10:08:59	2641,167604	-3,452231	-955,139902	0,203319	44,947064	0,979941	0,978026	0,974550	0,979436	0,978871	0,979695	21,108713	21,898632	-1,933584
 10:09:00	2626,517354	-3,321500	-913,572793	0,263434	43,919123	0,979981	0,978142	0,974584	0,979544	0,978873	0,979586	21,109546	21,917950	-1,935757
 10:09:01	2620,518831	-3,361072	-922,331317	0,497885	42,797209	0,979863	0,977929	0,974759	0,979384	0,978787	0,979727	21,092862	21,883855	-1,943292
 10:09:02	2617,058145	-3,383902	-927,384311	0,633144	42,149951	0,979795	0,977807	0,974859	0,979292	0,978738	0,979809	21,083237	21,864185	-1,947640
 10:09:03	2602,717933	-3,530975	-962,273723	0,288232	43,030222	0,980132	0,977844	0,974654	0,979467	0,978818	0,979821	21,065911	21,870892	-1,957910
 10:09:04	2595,282267	-3,607234	-980,364528	0,109389	43,486658	0,980307	0,977863	0,974547	0,979558	0,978859	0,979828	21,056927	21,874370	-1,963235
 10:09:05	2595,073184	-3,662988	-995,436238	0,115615	45,016105	0,979794	0,977800	0,974662	0,979584	0,978823	0,979861	21,071010	21,880903	-1,973236
 10:09:06	2594,986667	-3,686058	-1001,672807	0,118191	45,648979	0,979581	0,977774	0,974710	0,979595	0,978808	0,979874	21,076837	21,883607	-1,977374
 10:09:07	2592,174862	-3,625979	-984,285444	0,430577	46,598290	0,979853	0,977938	0,974564	0,979421	0,978852	0,979632	21,070767	21,882567	-1,986029
 10:09:08	2591,143867	-3,603950	-977,910077	0,545118	46,946371	0,979953	0,977998	0,974510	0,979357	0,978868	0,979544	21,068542	21,882186	-1,989202
 10:09:09	2590,100855	-3,623816	-982,904097	0,804688	44,598024	0,979517	0,978005	0,974612	0,979287	0,978854	0,979730	21,079473	21,880932	-2,000278
 10:09:10	2589,764400	-3,630225	-984,515071	0,888420	43,840493	0,979376	0,978007	0,974645	0,979264	0,978850	0,979790	21,083000	21,880528	-2,003851
 10:09:11	2591,191932	-3,542990	-961,383655	0,268480	42,147554	0,979593	0,977996	0,974622	0,979493	0,978816	0,979850	21,077086	21,893682	-2,020841
 10:09:12	2591,538000	-3,521843	-955,776039	0,118191	41,737145	0,979646	0,977993	0,974617	0,979548	0,978808	0,979865	21,075652	21,896871	-2,024960
 10:09:13	2593,253922	-3,402006	-923,860917	0,121841	44,443162	0,979468	0,977808	0,974652	0,979440	0,978819	0,979784	21,062483	21,857391	-2,040820
 10:09:14	2593,607200	-3,377333	-917,290156	0,122593	45,000283	0,979432	0,977769	0,974659	0,979418	0,978822	0,979767	21,059772	21,849263	-2,044085
 10:09:15	2592,742030	-3,339844	-906,805919	0,153509	46,881645	0,979759	0,977647	0,974467	0,979316	0,978797	0,979657	21,069761	21,881082	-2,065177
 10:09:16	2592,621867	-3,334637	-905,349775	0,157803	47,142946	0,979804	0,977630	0,974440	0,979302	0,978794	0,979641	21,071149	21,885502	-2,068106
 10:09:17	2593,511070	-3,322782	-902,440301	0,801253	43,151523	0,979586	0,977983	0,974570	0,979507	0,978849	0,979784	21,086549	21,925899	-2,089931
 10:09:18	2593,607200	-3,321500	-902,125763	0,870815	42,720018	0,979562	0,978021	0,974584	0,979530	0,978854	0,979800	21,088214	21,930266	-2,092290
 10:09:19	2598,812645	-3,367160	-916,364508	0,185499	42,173445	0,979510	0,977784	0,974537	0,979663	0,978893	0,979731	21,051088	21,897558	-2,112900
 10:09:20	2599,223602	-3,370765	-917,488619	0,131395	42,130294	0,979506	0,977765	0,974533	0,979674	0,978896	0,979725	21,048158	21,894976	-2,114527
 10:09:21	2598,550691	-3,588650	-976,541621	0,118513	47,864518	0,979815	0,978042	0,974697	0,979420	0,978874	0,979843	21,038214	21,903988	-2,145525
 10:09:22	2598,533868	-3,594097	-978,017946	0,118191	48,007874	0,979823	0,978049	0,974701	0,979413	0,978873	0,979846	21,037965	21,904213	-2,146300
 10:09:23	2595,873467	-3,646646	-991,301484	0,479098	46,513907	0,979655	0,978026	0,974570	0,979404	0,978822	0,979809	21,023981	21,871054	-2,169174
 10:09:24	2595,748498	-3,645845	-991,036435	0,470833	46,426647	0,979647	0,978021	0,974572	0,979408	0,978816	0,979812	21,023848	21,872151	-2,170114
 10:09:25	2590,749734	-3,613803	-980,434450	0,140198	42,936250	0,979302	0,977839	0,974617	0,979590	0,978580	0,979944	21,018529	21,916055	-2,207716
 10:09:26	2590,987656	-3,608756	-979,153611	0,138588	43,235427	0,979346	0,977851	0,974622	0,979579	0,978609	0,979932	21,019188	21,912849	-2,209978
 10:09:28	2594,001334	-3,544833	-962,929643	0,118191	47,025001	0,979916	0,977993	0,974691	0,979441	0,978980	0,979776	21,027536	21,872238	-2,238633
 10:09:29	2595,222186	-3,533938	-960,409209	0,118191	48,821981	0,979922	0,977994	0,974699	0,979440	0,978973	0,979775	21,030357	21,877760	-2,239616
 10:09:30	2606,515071	-3,433166	-937,095191	0,118191	65,444043	0,979972	0,978007	0,974771	0,979427	0,978910	0,979758	21,056453	21,928845	-2,248714
 10:09:31	2606,529491	-3,498532	-954,942841	0,221246	65,446920	0,979909	0,978010	0,974754	0,979425	0,978889	0,979770	21,053262	21,921012	-2,230057
 10:09:32	2606,613605	-3,879832	-1059,054129	0,822400	65,463701	0,979544	0,978030	0,974654	0,979409	0,978761	0,979842	21,034647	21,875317	-2,121224
 10:09:33	2607,572503	-3,821515	-1043,491148	0,708181	61,234949	0,979507	0,978010	0,974657	0,979456	0,978761	0,979838	21,029669	21,879886	-2,084774
 10:09:34	2612,230008	-3,538264	-967,899526	0,153402	40,695300	0,979329	0,977914	0,974673	0,979688	0,978761	0,979818	21,005492	21,902081	-1,907733
 10:09:35	2611,249481	-3,611961	-987,657282	0,145673	43,656384	0,979488	0,977953	0,974676	0,979694	0,978786	0,979854	21,012430	21,909522	-1,885421
 10:09:36	2607,204805	-3,915959	-1069,158028	0,113790	55,870858	0,980140	0,978114	0,974691	0,979721	0,978887	0,980000	21,041047	21,940213	-1,793381
 10:09:37	2610,305002	-3,931980	-1074,824822	0,111643	55,890036	0,980022	0,978061	0,974754	0,979701	0,978813	0,979972	21,029311	21,935361	-1,777363
 10:09:38	2619,915614	-3,981645	-1092,391883	0,104987	55,949488	0,979655	0,977895	0,974948	0,979641	0,978584	0,979884	20,992929	21,920319	-1,727707
 10:09:39	2628,586560	-3,963141	-1090,867899	0,334070	50,775741	0,979650	0,977971	0,974903	0,979593	0,978666	0,979931	21,000115	21,916252	-1,710551
 10:09:40	2652,234594	-3,912675	-1086,711579	0,958841	36,665522	0,979637	0,978179	0,974780	0,979460	0,978887	0,980061	21,019714	21,905160	-1,663762
 10:09:41	2667,865389	-3,893450	-1087,668903	0,710221	44,231246	0,979620	0,978193	0,974781	0,979529	0,978813	0,979962	21,009863	21,897258	-1,666233
 10:09:42	2705,639810	-3,846989	-1089,982437	0,109389	62,515081	0,979581	0,978226	0,974785	0,979697	0,978636	0,979725	20,986055	21,878159	-1,672205
 10:09:43	2704,327629	-3,945678	-1117,376135	0,119909	60,810155	0,979660	0,978227	0,974758	0,979685	0,978642	0,979724	21,009446	21,894253	-1,681346
 10:09:44	2701,796996	-4,136007	-1170,206839	0,140198	57,522085	0,979814	0,978230	0,974705	0,979660	0,978654	0,979721	21,054557	21,925292	-1,698974
 10:09:45	2700,246893	-4,111976	-1162,746853	0,141808	51,085466	0,979742	0,978026	0,974736	0,979638	0,978710	0,979697	21,039035	21,917840	-1,687223
 10:09:46	2697,560048	-4,070321	-1149,816210	0,144599	39,928659	0,979618	0,977672	0,974789	0,979600	0,978808	0,979655	21,012129	21,904923	-1,666855
 10:09:47	2699,290395	-4,013927	-1134,596985	0,395366	48,167532	0,979611	0,977812	0,974718	0,979678	0,978877	0,979766	21,004544	21,896143	-1,679986
 10:09:48	2701,994063	-3,925812	-1110,816945	0,787190	61,040771	0,979600	0,978030	0,974608	0,979800	0,978985	0,979939	20,992692	21,882423	-1,700502
 10:09:49	2701,667220	-3,987092	-1128,016910	0,509800	59,671461	0,979816	0,978003	0,974656	0,979736	0,978971	0,979853	20,999769	21,883896	-1,701113
 10:09:50	2701,205794	-4,073606	-1152,299213	0,118191	57,738317	0,980121	0,977965	0,974724	0,979646	0,978952	0,979730	21,009759	21,885975	-1,701976
 10:09:51	2701,525427	-4,110133	-1162,770826	0,126350	50,951699	0,979802	0,977922	0,974791	0,979579	0,978961	0,979795	21,005035	21,898049	-1,711758
 10:09:52	2701,895530	-4,152429	-1174,895850	0,135796	43,093509	0,979432	0,977872	0,974868	0,979502	0,978971	0,979870	20,999566	21,912029	-1,723085
 10:09:53	2750,537600	-4,021057	-1157,504937	0,157266	47,724998	0,979836	0,977922	0,974780	0,979570	0,979007	0,979831	21,003266	21,924738	-1,743928
 10:09:54	2801,611775	-3,883116	-1139,244477	0,179810	52,588062	0,980261	0,977974	0,974687	0,979641	0,979045	0,979790	21,007151	21,938082	-1,765812
 10:09:55	2849,557053	-3,733400	-1113,348949	0,303798	54,380247	0,980122	0,978048	0,974746	0,979622	0,978931	0,979829	21,009944	21,919642	-1,789515
 10:09:56	2895,219222	-3,590813	-1088,686541	0,421881	56,087090	0,979991	0,978119	0,974803	0,979604	0,978822	0,979865	21,012603	21,902081	-1,812088
 10:09:57	2971,333551	-3,764000	-1172,276448	0,253988	52,712719	0,979834	0,978111	0,974769	0,979821	0,978979	0,979959	21,012337	21,935430	-1,833954
 10:09:58	3130,901287	-3,899537	-1237,694636	0,122593	50,071907	0,979711	0,978105	0,974743	0,979991	0,979101	0,980033	21,012129	21,961529	-1,851067
 10:09:59	3258,933253	-3,657300	-1171,041954	0,125169	52,407789	0,979706	0,977900	0,974854	0,979963	0,979049	0,979896	20,993259	21,932415	-1,876014
 10:10:00	3278,789230	-3,485715	-1123,829638	0,126994	54,062371	0,979702	0,977756	0,974934	0,979944	0,979013	0,979800	20,979892	21,911792	-1,893685
 10:10:01	3279,039172	-3,660664	-1180,333488	0,260965	55,620585	0,979903	0,977874	0,974951	0,979669	0,978989	0,979806	20,991617	21,937775	-1,922684
 10:10:02	3279,183369	-3,761597	-1212,931863	0,338257	56,519554	0,980019	0,977942	0,974962	0,979511	0,978976	0,979809	20,998381	21,952766	-1,939415
 10:10:03	3279,572703	-3,724829	-1201,227002	0,468686	54,176481	0,980154	0,977951	0,974750	0,979597	0,978963	0,979809	20,977308	21,933582	-1,969697
 10:10:04	3279,774579	-3,705764	-1195,157815	0,536315	52,961554	0,980224	0,977956	0,974640	0,979641	0,978957	0,979809	20,966381	21,923634	-1,985399
 10:10:05	3279,909163	-3,799967	-1225,593842	0,247761	52,948129	0,979867	0,978064	0,974628	0,979721	0,978957	0,979796	20,972856	21,913768	-2,020954
 10:10:06	3279,971649	-3,843704	-1239,724855	0,113790	52,941896	0,979702	0,978114	0,974622	0,979758	0,978957	0,979790	20,975862	21,909187	-2,037462
 10:10:07	3278,926217	-3,776336	-1217,585933	0,116903	54,916272	0,979774	0,977956	0,974823	0,979751	0,978950	0,979840	20,960437	21,920076	-2,073334
 10:10:09	3278,493625	-3,748460	-1208,425000	0,118191	55,733256	0,979804	0,977891	0,974906	0,979749	0,978948	0,979860	20,954055	21,924582	-2,088178
 10:10:10	3279,214612	-3,777297	-1218,007690	0,114971	55,819557	0,979729	0,978017	0,974705	0,979592	0,978971	0,979819	20,944688	21,923369	-2,117218
 10:10:11	3279,478974	-3,787871	-1221,521343	0,113790	55,851200	0,979702	0,978063	0,974631	0,979534	0,978980	0,979804	20,941254	21,922924	-2,127866
 10:10:12	3279,863501	-3,746857	-1208,445550	0,526010	54,117508	0,980160	0,978103	0,974635	0,979502	0,978798	0,979739	20,952725	21,917748	-2,169352
 10:10:13	3279,971649	-3,735322	-1204,767984	0,641947	53,629907	0,980289	0,978114	0,974636	0,979492	0,978747	0,979721	20,955951	21,916292	-2,181020
 10:10:14	3280,526809	-3,737966	-1205,837939	0,213302	52,759705	0,980019	0,978024	0,974699	0,979432	0,978871	0,979833	20,969306	21,917627	-2,202023
 10:10:15	3280,661394	-3,738607	-1206,097322	0,109389	52,548747	0,979953	0,978002	0,974715	0,979418	0,978901	0,979860	20,972544	21,917950	-2,207115
 10:10:16	3279,063205	-3,721785	-1200,048026	0,101874	61,106935	0,979627	0,978078	0,974929	0,979704	0,978802	0,979884	20,947452	21,911278	-2,227247
 10:10:17	3278,789230	-3,718901	-1199,011004	0,100586	62,574053	0,979572	0,978091	0,974966	0,979753	0,978785	0,979888	20,943150	21,910134	-2,230699
 10:10:18	3279,135304	-3,698714	-1192,636632	0,359512	55,445586	0,980283	0,978054	0,974696	0,979647	0,978858	0,979896	20,945440	21,937377	-2,273968
 10:10:19	3279,183369	-3,695911	-1191,751302	0,395474	54,455521	0,980382	0,978049	0,974659	0,979632	0,978868	0,979898	20,945758	21,941161	-2,279977
 10:10:20	3279,361213	-3,772972	-1216,670138	0,149215	51,280122	0,979861	0,977839	0,974772	0,979397	0,978873	0,979927	20,948539	21,919360	-2,328241
 10:10:21	3279,380439	-3,781303	-1219,364066	0,122593	50,936835	0,979804	0,977816	0,974785	0,979371	0,978873	0,979930	20,948840	21,917003	-2,333459
 10:10:22	3280,223995	-3,718821	-1199,543640	0,114219	55,873255	0,980079	0,978038	0,974674	0,979588	0,978971	0,979806	20,922232	21,915200	-2,381684
 10:10:23	3280,267254	-3,715616	-1198,527208	0,113790	56,126405	0,980093	0,978049	0,974668	0,979600	0,978976	0,979800	20,920868	21,915108	-2,384157
 10:10:24	3279,690464	-3,824559	-1233,437135	0,113790	56,912703	0,979966	0,977990	0,974832	0,979699	0,978907	0,980009	20,898897	21,878598	-2,431931
 10:10:25	3279,676044	-3,827283	-1234,309883	0,113790	56,932361	0,979963	0,977988	0,974836	0,979702	0,978906	0,980014	20,898348	21,877685	-2,433126
 10:10:26	3279,577509	-3,814146	-1230,033737	0,721170	52,823951	0,980065	0,978156	0,974962	0,979693	0,978901	0,979763	20,923949	21,905160	-2,474160
 10:10:27	3079,524637	-3,808859	-1228,308224	0,691327	52,972581	0,980066	0,978153	0,974960	0,979696	0,978906	0,979770	20,923105	21,906108	-2,476420
 10:10:28	3078,493625	-3,705764	-1194,660719	0,109389	55,870858	0,980084	0,978091	0,974934	0,979763	0,978999	0,979907	20,906645	21,924582	-2,520473
 10:10:29	3078,666662	-3,717539	-1198,526938	0,110677	55,952844	0,980080	0,978080	0,974920	0,979731	0,978987	0,979900	20,904147	21,920856	-2,524381
 10:10:30	3080,858464	-3,866694	-1247,499037	0,126994	56,991333	0,980037	0,977942	0,974747	0,979329	0,978841	0,979814	20,872508	21,873659	-2,573882
 10:10:31	3080,810398	-3,861488	-1245,799929	0,126457	56,682088	0,980079	0,977938	0,974765	0,979338	0,978862	0,979874	20,874850	21,879262	-2,579212
 10:10:32	3080,464324	-3,823998	-1233,566351	0,122593	54,455521	0,980382	0,977909	0,974892	0,979399	0,979017	0,980312	20,891710	21,919608	-2,617592
 10:10:33	3080,190348	-3,828324	-1234,851188	0,240462	54,323192	0,980285	0,977951	0,974873	0,979416	0,979003	0,980277	20,890357	21,915934	-2,625458
 10:10:34	3078,592160	-3,853557	-1242,346069	0,928032	53,551277	0,979721	0,978198	0,974766	0,979511	0,978920	0,980075	20,882465	21,894502	-2,671346
 10:10:35	3070,315231	-3,835614	-1233,312263	0,792021	53,618400	0,979737	0,978168	0,974751	0,979531	0,978929	0,980048	20,889669	21,897939	-2,680204
 10:10:36	3030,113008	-3,748460	-1189,433781	0,131395	53,944427	0,979814	0,978026	0,974677	0,979627	0,978976	0,979921	20,924661	21,914634	-2,723227
 10:10:37	3028,469160	-3,768646	-1195,178095	0,129463	53,776140	0,979832	0,978040	0,974669	0,979598	0,978926	0,979948	20,914774	21,913074	-2,731575
 10:10:38	3022,624367	-3,840420	-1215,602323	0,122593	53,177786	0,979898	0,978091	0,974640	0,979492	0,978752	0,980047	20,879620	21,907529	-2,761259
 10:10:39	3019,283799	-3,849232	-1217,035321	0,121519	52,194913	0,979886	0,978073	0,974689	0,979472	0,978788	0,980002	20,876671	21,901232	-2,771596
 10:10:40	3008,928040	-3,876547	-1221,477616	0,118191	49,148006	0,979851	0,978016	0,974840	0,979409	0,978901	0,979865	20,867530	21,881712	-2,803641
 10:10:41	3008,690115	-3,855400	-1214,719473	0,337827	50,782932	0,979806	0,978009	0,974779	0,979511	0,978917	0,979851	20,870519	21,889147	-2,816095
 10:10:42	3008,041228	-3,797724	-1196,288174	0,936834	55,241819	0,979683	0,977988	0,974612	0,979790	0,978962	0,979814	20,878672	21,909424	-2,850062
 10:10:43	3008,416140	-3,781062	-1191,186712	0,680056	54,793054	0,979819	0,977963	0,974673	0,979677	0,979029	0,979808	20,876342	21,912202	-2,865675
 10:10:44	3009,223644	-3,745175	-1180,198950	0,126994	53,826482	0,980112	0,977909	0,974803	0,979432	0,979176	0,979795	20,871323	21,918187	-2,899304
 10:10:45	3008,988122	-3,735082	-1176,926679	0,123988	52,947170	0,980112	0,977958	0,974848	0,979468	0,979095	0,979817	20,872132	21,918187	-2,914341
 10:10:46	3008,533901	-3,715616	-1170,615872	0,118191	51,251354	0,980112	0,978054	0,974934	0,979539	0,978938	0,979860	20,873694	21,918187	-2,943341
 10:10:47	3009,379858	-3,727152	-1174,581823	0,214376	52,448062	0,980061	0,978108	0,974846	0,979630	0,978862	0,979920	20,867680	21,916246	-2,959923
 10:10:48	3010,701665	-3,745175	-1180,778620	0,364664	54,317918	0,979981	0,978193	0,974710	0,979772	0,978743	0,980014	20,858285	21,913213	-2,985832
 10:10:50	3010,374818	-3,758793	-1184,942742	0,373789	53,315388	0,979950	0,978075	0,974720	0,979679	0,978832	0,979979	20,839608	21,902803	-3,005472
 10:10:51	3009,913387	-3,778018	-1190,821502	0,386671	51,900051	0,979907	0,977909	0,974733	0,979548	0,978957	0,979930	20,813241	21,888107	-3,033200
 10:10:52	3011,687012	-3,805414	-1200,169912	0,272666	53,013334	0,980025	0,977985	0,974764	0,979571	0,978887	0,979852	20,830310	21,895802	-3,054698
 10:10:53	3013,953310	-3,840420	-1212,115103	0,126994	54,435863	0,980177	0,978081	0,974803	0,979600	0,978799	0,979753	20,852121	21,905634	-3,082169
 10:10:54	3013,761047	-3,838818	-1211,532192	0,122700	54,502986	0,980095	0,977972	0,974776	0,979593	0,978939	0,979785	20,838591	21,889459	-3,103775
 10:10:55	3013,559171	-3,837136	-1210,920135	0,118191	54,573465	0,980009	0,977858	0,974747	0,979586	0,979087	0,979818	20,824384	21,872475	-3,126461
 10:10:56	3013,962923	-3,847229	-1214,268417	0,429289	55,117162	0,979780	0,977949	0,974702	0,979559	0,979075	0,979668	20,849397	21,912750	-3,153770
 10:10:57	3014,347449	-3,856842	-1217,457258	0,725572	55,634968	0,979562	0,978035	0,974659	0,979534	0,979064	0,979525	20,873220	21,951108	-3,179779
 10:10:58	3013,554365	-3,837456	-1211,020712	0,399660	54,474699	0,979892	0,977980	0,974704	0,979547	0,979141	0,979750	20,862280	21,938272	-3,203858
 10:10:59	3012,869428	-3,820714	-1205,461877	0,118191	53,472648	0,980177	0,977932	0,974743	0,979558	0,979208	0,979944	20,852832	21,927187	-3,224653
 10:11:00	3010,619953	-3,809179	-1200,927086	0,118191	53,081416	0,979893	0,978091	0,974871	0,979536	0,979088	0,979958	20,868097	21,928712	-3,254586
 10:11:01	3009,026575	-3,801008	-1197,714942	0,118191	52,804294	0,979693	0,978203	0,974962	0,979520	0,979003	0,979967	20,878909	21,929792	-3,275788
 10:11:02	2983,551768	-3,897134	-1217,444100	0,118191	52,600527	0,979812	0,978160	0,974882	0,979449	0,979049	0,979984	20,841614	21,904374	-3,302496
 10:11:03	2967,247892	-3,958655	-1230,070762	0,118191	52,470117	0,979888	0,978133	0,974831	0,979404	0,979078	0,979995	20,817746	21,888107	-3,319589
 10:11:04	2892,561248	-3,943515	-1194,584876	0,379049	51,771079	0,980238	0,978013	0,974877	0,979493	0,978943	0,980001	20,803226	21,867362	-3,348721
 10:11:05	2853,834841	-3,935665	-1176,184787	0,514309	51,408614	0,980419	0,977951	0,974901	0,979539	0,978873	0,980005	20,795698	21,856605	-3,363826
 10:11:06	2825,101335	-3,971552	-1174,909330	0,397084	50,442042	0,980076	0,977970	0,974790	0,979685	0,978911	0,979801	20,837307	21,894779	-3,391527
 10:11:07	2811,760779	-3,988214	-1174,317153	0,342658	49,993277	0,979916	0,977979	0,974738	0,979753	0,978929	0,979707	20,856625	21,912503	-3,404388
 10:11:08	2809,391156	-3,923168	-1154,197945	0,187002	49,548347	0,979929	0,977903	0,974771	0,979638	0,979153	0,979987	20,822082	21,898598	-3,436489
 10:11:09	2808,410622	-3,896253	-1145,872756	0,122593	49,364238	0,979935	0,977872	0,974785	0,979590	0,979246	0,980102	20,807789	21,892844	-3,449772
 10:11:10	2810,124153	-3,826722	-1126,106575	0,119265	52,292241	0,979907	0,978094	0,974795	0,979632	0,978982	0,979919	20,808327	21,908782	-3,479519
 10:11:11	2810,676904	-3,804293	-1119,730387	0,118191	53,236758	0,979898	0,978165	0,974799	0,979646	0,978896	0,979860	20,808500	21,913924	-3,489115
 10:11:12	2808,446671	-3,924771	-1154,266504	0,344912	52,699774	0,979716	0,977994	0,974933	0,979628	0,978962	0,979871	20,796843	21,923721	-3,519154
 10:11:13	2807,819418	-3,958655	-1163,979787	0,408678	52,548747	0,979665	0,977946	0,974971	0,979623	0,978980	0,979874	20,793564	21,926476	-3,527602
 10:11:14	2807,026339	-4,006237	-1177,636943	0,178414	50,270399	0,980010	0,977864	0,974712	0,979529	0,979149	0,979927	20,803487	21,920948	-3,559532
 10:11:15	2806,834077	-4,017772	-1180,947769	0,122593	49,718073	0,980093	0,977844	0,974650	0,979506	0,979190	0,979939	20,805892	21,919608	-3,567272
 10:11:16	2812,217400	-3,821515	-1125,397085	0,115078	53,661551	0,979823	0,978082	0,974753	0,979618	0,979261	0,979896	20,806499	21,915969	-3,601479
 10:11:17	2813,140255	-3,787871	-1115,874111	0,113790	54,337576	0,979776	0,978123	0,974771	0,979637	0,979274	0,979888	20,806603	21,915345	-3,607343
 10:11:18	2810,631242	-3,995503	-1175,983355	0,125384	53,112101	0,980095	0,978042	0,974775	0,979477	0,978787	0,979835	20,806395	21,919920	-3,640801
 10:11:19	2810,282768	-4,024341	-1184,331861	0,126994	52,941896	0,980140	0,978030	0,974775	0,979455	0,978719	0,979828	20,806366	21,920555	-3,645448
 10:11:20	2806,903772	-3,954329	-1162,330683	0,583871	50,045058	0,980157	0,977983	0,974663	0,979649	0,978922	0,979849	20,786591	21,910019	-3,675992
 10:11:21	2806,637009	-3,948802	-1160,593748	0,619940	49,816360	0,980158	0,977979	0,974654	0,979665	0,978938	0,979851	20,785029	21,909187	-3,678403
 10:11:22	2810,948474	-3,723867	-1096,159205	0,146853	54,472301	0,980008	0,978156	0,974849	0,979620	0,978659	0,979740	20,761125	21,875843	-3,710564
 10:11:23	2811,169575	-3,712332	-1092,854869	0,122593	54,711068	0,980000	0,978165	0,974859	0,979618	0,978645	0,979735	20,759899	21,874133	-3,712214
 10:11:24	2811,650228	-3,875746	-1141,156822	0,135474	52,889157	0,980254	0,977847	0,974873	0,979436	0,979004	0,979794	20,798294	21,948306	-3,737193
 10:11:25	2811,602163	-3,881193	-1142,740568	0,135474	52,871417	0,980259	0,977845	0,974866	0,979433	0,979008	0,979796	20,799115	21,949941	-3,738468
 10:11:26	2809,198894	-3,935665	-1157,788445	0,122593	53,983742	0,980177	0,978054	0,974589	0,979497	0,978817	0,979814	20,793564	21,941161	-3,764513
 10:11:27	2809,323864	-3,924610	-1154,584992	0,161882	53,967440	0,980142	0,978061	0,974606	0,979495	0,978832	0,979815	20,791760	21,938838	-3,765801
 10:11:28	2811,760779	-3,709048	-1092,117649	0,928032	53,649565	0,979469	0,978198	0,974943	0,979446	0,979129	0,979832	20,756580	21,893555	-3,790917
 10:11:29	2808,148668	-3,722986	-1094,746692	0,871352	53,507168	0,979527	0,978190	0,974932	0,979469	0,979103	0,979849	20,756718	21,894334	-3,792266
 10:11:31	2762,395268	-3,899537	-1128,047891	0,153402	51,703476	0,980261	0,978095	0,974799	0,979763	0,978766	0,980056	20,758476	21,904213	-3,809351
 10:11:32	2753,467149	-3,905145	-1125,981106	0,150181	51,782585	0,980184	0,978081	0,974800	0,979724	0,978804	0,980030	20,761078	21,907275	-3,812795
 10:11:33	2689,184687	-3,945518	-1111,100253	0,126994	52,352172	0,979627	0,977979	0,974808	0,979446	0,979078	0,979846	20,779814	21,929319	-3,837593
 10:11:34	2683,474546	-3,938308	-1106,740174	0,127638	52,959156	0,979670	0,977982	0,974806	0,979463	0,979063	0,979841	20,771660	21,923149	-3,841154
 10:11:35	2650,165390	-3,896253	-1081,306379	0,131395	56,499897	0,979916	0,978002	0,974794	0,979562	0,978976	0,979809	20,724098	21,887160	-3,861923
 10:11:36	2641,494446	-3,915478	-1083,014505	0,271378	56,507568	0,979920	0,978006	0,974795	0,979590	0,978972	0,979784	20,718778	21,886882	-3,865204
 10:11:37	2605,726804	-3,994782	-1090,060526	0,848808	56,539212	0,979935	0,978021	0,974799	0,979702	0,978957	0,979679	20,696833	21,885739	-3,878737
 10:11:38	2604,688599	-4,038760	-1101,604651	0,683598	55,559695	0,979953	0,978030	0,974813	0,979688	0,978941	0,979711	20,706201	21,892289	-3,881933
 10:11:39	2600,997202	-4,195125	-1142,650429	0,096185	52,076968	0,980019	0,978063	0,974864	0,979637	0,978882	0,979828	20,739509	21,915582	-3,893295
 10:11:40	2601,934471	-4,112617	-1120,555768	0,100479	51,185190	0,980048	0,978078	0,974857	0,979579	0,978910	0,979844	20,733091	21,903104	-3,896597
 10:11:41	2604,840004	-3,856842	-1052,062319	0,113790	48,420680	0,980140	0,978123	0,974836	0,979399	0,978994	0,979893	20,713192	21,864422	-3,906834
 10:11:42	2604,147867	-3,964503	-1081,123706	0,116366	50,129441	0,979927	0,978115	0,974833	0,979425	0,979069	0,979892	20,716731	21,868373	-3,911467
 10:11:43	2602,475203	-4,224684	-1151,355391	0,122593	54,258946	0,979413	0,978095	0,974827	0,979488	0,979250	0,979888	20,725284	21,877922	-3,922665
 10:11:44	2602,537687	-4,100761	-1117,607841	0,230049	53,729153	0,979552	0,978103	0,974840	0,979526	0,979185	0,979906	20,726186	21,888361	-3,927633
 10:11:45	2602,672269	-3,833851	-1044,920812	0,461493	52,588062	0,979851	0,978119	0,974868	0,979609	0,979045	0,979944	20,728129	21,910845	-3,938333
 10:11:46	2604,354547	-3,908990	-1066,114054	0,348777	52,473953	0,979880	0,978104	0,974881	0,979583	0,979039	0,980003	20,720924	21,900169	-3,941596
 10:11:47	2607,598938	-4,053900	-1106,986736	0,131395	52,253885	0,979935	0,978077	0,974906	0,979534	0,979027	0,980116	20,707028	21,879580	-3,947887
 10:11:48	2605,253363	-4,084660	-1114,371252	0,115937	53,281826	0,979837	0,978068	0,974826	0,979545	0,979134	0,979913	20,699811	21,883185	-3,952666
 10:11:49	2601,588402	-4,132723	-1125,909557	0,091783	54,887985	0,979683	0,978054	0,974701	0,979562	0,979302	0,979595	20,688534	21,888818	-3,960134
 10:11:50	2604,162286	-4,026504	-1098,016319	0,268802	54,170727	0,979807	0,978044	0,974712	0,979620	0,979228	0,979807	20,700135	21,897853	-3,965091
 10:11:51	2607,796005	-3,876547	-1058,637630	0,518710	53,158128	0,979981	0,978030	0,974729	0,979702	0,979125	0,980107	20,716512	21,910608	-3,972089
 10:11:52	2605,101958	-3,992219	-1089,062048	0,341262	52,793746	0,980098	0,978043	0,974875	0,979639	0,979092	0,980029	20,706293	21,894912	-3,975277
 10:11:53	2601,982536	-4,126154	-1124,290322	0,135796	52,371830	0,980233	0,978058	0,975045	0,979567	0,979055	0,979939	20,694462	21,876738	-3,978968
 10:11:54	2603,857073	-3,981965	-1085,753814	0,137943	53,675934	0,980010	0,978056	0,974968	0,979553	0,979139	0,980003	20,690182	21,876738	-3,980903
 10:11:55	2605,825337	-3,830567	-1045,290481	0,140198	55,045244	0,979776	0,978054	0,974887	0,979539	0,979227	0,980070	20,685689	21,876738	-3,982935
 10:11:56	2604,715035	-4,034114	-1100,343001	0,135689	52,628815	0,979824	0,978008	0,975025	0,979613	0,979136	0,979979	20,700990	21,877830	-3,986775
 10:11:57	2603,657603	-4,227968	-1152,773974	0,131395	50,327454	0,979870	0,977965	0,975157	0,979683	0,979050	0,979893	20,715563	21,878870	-3,990432
 10:11:58	2602,917401	-4,217394	-1149,564768	0,556497	51,972927	0,980005	0,978058	0,974965	0,979626	0,978990	0,979883	20,694953	21,888147	-3,994895
 10:11:59	2602,278136	-4,208262	-1146,793180	0,923630	53,394018	0,980121	0,978137	0,974799	0,979576	0,978938	0,979874	20,677153	21,896160	-3,998748
 10:12:00	2604,378579	-3,966906	-1081,852210	0,486613	54,342370	0,979881	0,978096	0,974752	0,979621	0,979098	0,979927	20,668242	21,876628	-4,006425
 10:12:01	2606,022404	-3,778018	-1031,028842	0,144599	55,084559	0,979693	0,978063	0,974715	0,979655	0,979222	0,979967	20,661268	21,861342	-4,012433
 10:12:02	2605,241347	-4,030349	-1099,547524	0,131180	54,677027	0,980005	0,977938	0,974868	0,979482	0,979058	0,979990	20,668785	21,863075	-4,012000
 10:12:03	2604,741470	-4,191840	-1143,399480	0,122593	54,416206	0,980205	0,977858	0,974966	0,979371	0,978952	0,980005	20,673597	21,864185	-4,011723
 10:12:04	2605,303832	-3,979402	-1085,680247	0,122593	50,975671	0,980128	0,977967	0,974922	0,979563	0,978911	0,979878	20,661268	21,868691	-4,005088
 10:12:05	2605,628271	-3,856842	-1052,380690	0,122593	48,990747	0,980084	0,978030	0,974896	0,979674	0,978887	0,979804	20,654154	21,871290	-4,001260
 10:12:06	2607,377839	-4,161881	-1136,402516	0,468256	60,737280	0,979785	0,978081	0,974852	0,979610	0,979037	0,979849	20,671318	21,879055	-3,997817
 10:12:07	2608,190139	-4,303507	-1175,412650	0,628743	66,191027	0,979646	0,978105	0,974831	0,979581	0,979106	0,979870	20,679287	21,882659	-3,996219
 10:12:08	2607,353807	-4,050295	-1105,907609	0,314318	52,676282	0,980041	0,978019	0,974844	0,979489	0,978981	0,979906	20,678113	21,876293	-3,944901
 10:12:09	2607,007738	-3,945518	-1077,146903	0,184211	47,083973	0,980205	0,977984	0,974850	0,979451	0,978929	0,979921	20,677628	21,873659	-3,923666
 10:12:10	2629,213809	-4,022418	-1107,560572	0,155227	51,629161	0,979973	0,977871	0,974765	0,979461	0,978765	0,979921	20,660105	21,875392	-3,922521
 10:12:12	2637,356035	-4,050615	-1118,712250	0,144599	53,295730	0,979888	0,977830	0,974733	0,979464	0,978705	0,979921	20,653680	21,876027	-3,922101
 10:12:13	2679,002087	-4,172295	-1170,685322	0,127960	49,059788	0,979853	0,977876	0,974747	0,979447	0,978846	0,979717	20,648660	21,871909	-3,881843
 10:12:14	2692,436298	-4,211546	-1187,450829	0,122593	47,693354	0,979842	0,977891	0,974752	0,979441	0,978892	0,979651	20,647041	21,870580	-3,868856
 10:12:15	2757,112911	-4,052618	-1169,786123	0,442063	56,208391	0,979863	0,977887	0,974792	0,979558	0,978859	0,979683	20,649077	21,843959	-3,862081
 10:12:16	2775,303208	-4,007919	-1164,817924	0,531914	58,603245	0,979870	0,977886	0,974803	0,979590	0,978850	0,979693	20,649649	21,836472	-3,860176
 10:12:17	2817,466146	-3,860847	-1138,987393	0,203426	63,037202	0,979993	0,977925	0,974861	0,979436	0,978935	0,979693	20,638245	21,842365	-3,846851
 10:12:18	2826,146751	-3,830567	-1133,669342	0,135796	63,950076	0,980019	0,977932	0,974873	0,979404	0,978952	0,979693	20,635897	21,843578	-3,844108
 10:12:19	2884,606368	-3,852996	-1163,918504	0,120768	50,441563	0,979963	0,978016	0,974547	0,979483	0,978972	0,979613	20,637719	21,873907	-3,796542
 10:12:20	2894,628016	-3,856842	-1169,104075	0,118191	48,125818	0,979953	0,978030	0,974491	0,979497	0,978976	0,979600	20,638031	21,879107	-3,788388
 10:12:21	2961,230083	-3,865733	-1198,767817	0,114219	52,826828	0,979600	0,977946	0,974857	0,979455	0,979034	0,979713	20,661140	21,884878	-3,789028
 10:12:22	2968,430307	-3,866694	-1201,974708	0,113790	53,335045	0,979562	0,977937	0,974896	0,979451	0,979041	0,979725	20,663639	21,885502	-3,789097
 10:12:23	3014,184028	-3,845387	-1213,767482	0,925563	57,288592	0,979554	0,977907	0,974776	0,979489	0,978929	0,979695	20,625401	21,839181	-3,774626
 10:12:24	3017,796164	-3,843704	-1214,698491	0,989650	57,600715	0,979553	0,977905	0,974766	0,979492	0,978920	0,979693	20,622382	21,835525	-3,773484
 10:12:25	3063,066904	-3,881193	-1244,954757	0,156515	55,693461	0,979783	0,977944	0,974784	0,979236	0,978871	0,979821	20,623961	21,856478	-3,769191
 10:12:26	3065,388480	-3,883116	-1246,506360	0,113790	55,595653	0,979795	0,977946	0,974785	0,979222	0,978868	0,979828	20,624042	21,857553	-3,768971
 10:12:27	3076,621461	-3,866694	-1245,783393	0,109389	51,841078	0,980177	0,977914	0,974677	0,979362	0,978878	0,979763	20,632578	21,881475	-3,766223
 10:12:28	3076,635881	-3,868136	-1246,253874	0,109711	51,912996	0,980163	0,977913	0,974674	0,979356	0,978881	0,979768	20,632404	21,881042	-3,766272
 10:12:29	3077,212670	-3,925812	-1265,073090	0,122593	54,789697	0,979618	0,977891	0,974515	0,979129	0,978999	0,980005	20,625464	21,863711	-3,768225
 10:12:30	3077,347255	-3,920845	-1263,526552	0,155656	54,915313	0,979656	0,977894	0,974517	0,979143	0,978993	0,979990	20,624817	21,864034	-3,768011
 10:12:31	3079,971649	-3,823998	-1233,369060	0,800394	57,364825	0,980391	0,977960	0,974575	0,979409	0,978882	0,979711	20,612186	21,870343	-3,763839
 10:12:32	3079,952423	-3,829446	-1235,118135	0,732120	57,079073	0,980387	0,977931	0,974591	0,979410	0,978874	0,979717	20,614545	21,869904	-3,762946
 10:12:33	3079,774579	-3,879832	-1251,297077	0,100586	54,435863	0,980345	0,977658	0,974738	0,979427	0,978794	0,979772	20,636371	21,865843	-3,754686
 10:12:34	3079,690464	-3,878230	-1250,746319	0,101660	54,390315	0,980298	0,977688	0,974752	0,979402	0,978807	0,979764	20,633538	21,859863	-3,752798
 10:12:35	3079,084834	-3,866694	-1246,780861	0,109389	54,062371	0,979963	0,977909	0,974850	0,979218	0,978901	0,979707	20,613134	21,816812	-3,739200
 10:12:36	3079,017542	-3,858283	-1244,041902	0,177770	54,780588	0,979980	0,977906	0,974854	0,979235	0,978868	0,979731	20,614430	21,823647	-3,735978
 10:12:37	3078,690695	-3,817430	-1230,738387	0,509908	58,269068	0,980065	0,977891	0,974873	0,979320	0,978705	0,979851	20,620722	21,856842	-3,720330
 10:12:38	3079,017542	-3,812303	-1229,215296	0,430899	57,551811	0,980027	0,977902	0,974861	0,979317	0,978712	0,979800	20,617345	21,851250	-3,718430
 10:12:39	3080,365789	-3,791155	-1222,932546	0,104987	54,593123	0,979870	0,977951	0,974813	0,979302	0,978738	0,979590	20,603413	21,828182	-3,710594
 10:12:40	3080,257641	-3,805574	-1227,540043	0,107886	54,765725	0,979853	0,977965	0,974801	0,979358	0,978765	0,979627	20,599717	21,832861	-3,707950
 10:12:41	3079,873114	-3,856842	-1243,922255	0,118191	55,379421	0,979795	0,978016	0,974761	0,979558	0,978859	0,979758	20,586577	21,849499	-3,698548
 10:12:42	3079,688061	-3,864772	-1246,404679	0,122915	56,871950	0,979708	0,977965	0,974746	0,979498	0,978845	0,979874	20,583269	21,842446	-3,695530
 10:12:43	3079,183369	-3,886400	-1253,174928	0,135796	60,942484	0,979469	0,977825	0,974705	0,979334	0,978808	0,980191	20,574247	21,823208	-3,687302
 10:12:44	3079,010332	-3,893129	-1255,273804	0,308414	66,396712	0,979660	0,977903	0,974733	0,979386	0,978864	0,980116	20,571818	21,820296	-3,672138
 10:12:45	3078,592160	-3,909390	-1260,346088	0,725572	79,577766	0,980121	0,978091	0,974799	0,979511	0,978999	0,979935	20,565948	21,813259	-3,635494
 10:12:46	3078,842102	-3,951045	-1273,880847	0,531592	70,533892	0,980245	0,978032	0,974742	0,979480	0,978931	0,979924	20,572188	21,821446	-3,579866
 10:12:47	3079,380439	-4,040763	-1303,032634	0,113790	51,054780	0,980512	0,977905	0,974622	0,979413	0,978785	0,979902	20,585629	21,839078	-3,460054
 10:12:48	3079,560686	-4,069600	-1312,409771	0,117010	54,046550	0,980366	0,978020	0,974639	0,979551	0,978924	0,979919	20,596299	21,847656	-3,422206
 10:12:49	3079,873114	-4,119586	-1328,663474	0,122593	59,232284	0,980112	0,978221	0,974668	0,979790	0,979166	0,979949	20,614794	21,862527	-3,356602
 10:12:50	3079,873114	-4,095234	-1320,809410	0,120875	63,566516	0,980083	0,978190	0,974763	0,979671	0,979041	0,979994	20,591568	21,839233	-3,321095
 10:12:51	3079,873114	-4,057184	-1308,537435	0,118191	70,338753	0,980037	0,978142	0,974910	0,979483	0,978845	0,980065	20,555277	21,802837	-3,265616
 10:12:53	3079,423698	-3,987733	-1285,954791	0,466753	63,467750	0,979987	0,978161	0,974692	0,979472	0,979000	0,980011	20,557932	21,817864	-3,227897
 10:12:54	3078,789230	-3,889685	-1254,073412	0,958841	53,767509	0,979916	0,978189	0,974384	0,979455	0,979218	0,979935	20,561680	21,839078	-3,174647
 10:12:55	3078,834892	-3,949042	-1273,230168	0,573351	60,053104	0,979994	0,977994	0,974550	0,979373	0,979011	0,979864	20,573547	21,837321	-3,162580
 10:12:56	3078,887765	-4,017772	-1295,411676	0,126994	67,331160	0,980084	0,977769	0,974743	0,979278	0,978771	0,979781	20,587289	21,835288	-3,148607
 10:12:57	3079,128094	-4,073846	-1313,594915	0,118406	63,466790	0,980061	0,977838	0,974802	0,979415	0,978855	0,979922	20,585785	21,838176	-3,150888
 10:12:58	3079,380439	-4,132723	-1332,687316	0,109389	59,409201	0,980037	0,977909	0,974864	0,979558	0,978943	0,980070	20,584206	21,841209	-3,153284
 10:12:59	3080,014908	-4,095715	-1321,023117	0,118835	57,278524	0,979922	0,977992	0,974814	0,979478	0,978900	0,979955	20,587769	21,846293	-3,160158
 10:13:00	3080,562859	-4,063753	-1310,949489	0,126994	55,438394	0,979823	0,978063	0,974771	0,979409	0,978864	0,979856	20,590845	21,850684	-3,166095
 10:13:01	3081,447270	-4,106128	-1325,003017	0,573888	61,790152	0,979672	0,978026	0,974752	0,979555	0,978864	0,979840	20,572090	21,846963	-3,171270
 10:13:02	3082,139418	-4,139292	-1336,001430	0,923630	66,761094	0,979553	0,977998	0,974738	0,979669	0,978864	0,979828	20,557411	21,844052	-3,175321
 10:13:03	3079,774579	-4,120066	-1328,779348	0,449577	62,330972	0,980000	0,978167	0,974863	0,979784	0,978989	0,980054	20,569626	21,858610	-3,151321
 10:13:04	3078,099485	-4,106449	-1323,663706	0,113790	59,192969	0,980317	0,978286	0,974952	0,979865	0,979078	0,980214	20,578278	21,868922	-3,134322
 10:13:05	3078,911797	-4,025222	-1297,819775	0,110999	57,809276	0,980317	0,978322	0,975144	0,979998	0,979270	0,980276	20,576624	21,853150	-3,134807
 10:13:06	3079,380439	-3,978361	-1282,909814	0,109389	57,010991	0,980317	0,978342	0,975255	0,980075	0,979381	0,980312	20,575670	21,844052	-3,135086
 10:13:07	3079,704884	-4,034594	-1301,181670	0,216630	59,677694	0,980169	0,978532	0,975273	0,980010	0,979546	0,980505	20,582072	21,867761	-3,143930
 10:13:08	3079,873114	-4,063753	-1310,655965	0,272237	61,060428	0,980093	0,978631	0,975283	0,979977	0,979632	0,980605	20,585392	21,880054	-3,148516
 10:13:09	3080,291287	-4,138090	-1334,814087	0,337613	63,660488	0,980574	0,978723	0,975359	0,980115	0,979563	0,980447	20,575999	21,874525	-3,162546
 10:13:10	3080,464324	-4,168850	-1344,810552	0,364664	64,736374	0,980773	0,978761	0,975390	0,980172	0,979534	0,980382	20,572113	21,872238	-3,168351
 10:13:11	3080,464324	-4,154431	-1340,159226	0,184318	59,759680	0,980684	0,978850	0,975424	0,980189	0,979705	0,980736	20,545046	21,866172	-3,174849
 10:13:12	3080,464324	-4,149145	-1338,453740	0,118191	57,934891	0,980652	0,978882	0,975437	0,980196	0,979767	0,980866	20,535121	21,863948	-3,177231
 10:13:13	3079,197789	-4,183910	-1349,112198	0,114863	57,206606	0,980553	0,978932	0,975598	0,980199	0,979690	0,980838	20,556995	21,866813	-3,190729
 10:13:14	3078,789230	-4,195125	-1352,550411	0,113790	56,971676	0,980522	0,978948	0,975651	0,980200	0,979665	0,980829	20,564051	21,867738	-3,195083
 10:13:15	3079,185773	-4,189838	-1351,019786	0,106705	64,170623	0,980611	0,978861	0,975527	0,980286	0,979845	0,980840	20,557753	21,866594	-3,188316
 10:13:16	3079,281904	-4,188556	-1350,648725	0,104987	65,915823	0,980633	0,978841	0,975497	0,980307	0,979888	0,980843	20,556226	21,866316	-3,186676
 10:13:17	3078,464785	-4,150426	-1337,998801	0,772913	63,633639	0,980054	0,978729	0,975578	0,980215	0,979761	0,980750	20,544427	21,829978	-3,173155
 10:13:18	3078,296555	-4,142576	-1335,394404	0,910427	63,163777	0,979935	0,978705	0,975595	0,980196	0,979735	0,980731	20,541998	21,822497	-3,170371
 10:13:19	3080,315320	-4,072484	-1313,658107	0,237885	56,568938	0,980316	0,978948	0,975488	0,980291	0,979715	0,980664	20,541188	21,828967	-3,180282
 10:13:20	3080,661394	-4,060468	-1309,931885	0,122593	55,438394	0,980382	0,978990	0,975469	0,980307	0,979711	0,980652	20,541050	21,830077	-3,181981
 10:13:21	3081,372768	-4,078252	-1315,972839	0,114649	60,352280	0,980911	0,978868	0,975688	0,980278	0,979854	0,980862	20,542975	21,857437	-3,172308
 10:13:22	3081,449673	-4,080174	-1316,625915	0,113790	60,883511	0,980969	0,978854	0,975711	0,980275	0,979870	0,980885	20,543184	21,860395	-3,171263
 10:13:23	3079,440522	-4,061910	-1309,878038	0,142345	63,160900	0,980425	0,978854	0,975724	0,980210	0,979839	0,980928	20,550436	21,856443	-3,170942
 10:13:24	3079,281904	-4,060468	-1309,345311	0,144599	63,340694	0,980382	0,978854	0,975725	0,980205	0,979837	0,980931	20,551009	21,856132	-3,170917
 10:13:25	3079,185773	-4,198249	-1353,731951	0,612641	61,787275	0,980291	0,978954	0,975734	0,980359	0,979619	0,980836	20,529494	21,852665	-3,176101
 10:13:26	3079,183369	-4,201693	-1354,841617	0,624342	61,748440	0,980289	0,978957	0,975735	0,980363	0,979614	0,980834	20,528956	21,852579	-3,176230
 10:13:27	3079,774579	-4,149145	-1338,154048	0,126994	58,898107	0,980140	0,978938	0,975711	0,980526	0,980102	0,980685	20,515677	21,833867	-3,159744
 10:13:28	3079,779386	-4,151708	-1338,982907	0,126350	58,975299	0,980153	0,978937	0,975709	0,980523	0,980100	0,980688	20,515515	21,834352	-3,159530
 10:13:29	3079,971649	-4,254242	-1372,137246	0,100586	62,062959	0,980680	0,978887	0,975600	0,980382	0,979986	0,980810	20,509037	21,853763	-3,150991
 10:13:30	3080,000488	-4,249196	-1370,522183	0,131825	62,070151	0,980687	0,978866	0,975607	0,980386	0,979983	0,980818	20,508360	21,852584	-3,149376
 10:13:31	3080,365789	-4,185272	-1350,064709	0,527513	62,161246	0,980782	0,978594	0,975697	0,980442	0,979949	0,980917	20,499788	21,837656	-3,128917
 10:13:32	3080,308110	-4,194244	-1352,932939	0,487579	61,637687	0,980840	0,978616	0,975687	0,980448	0,979954	0,980908	20,501107	21,839158	-3,125198
 10:13:34	3079,774579	-4,277232	-1379,464071	0,118191	56,794759	0,981369	0,978822	0,975590	0,980498	0,980000	0,980824	20,513305	21,853052	-3,090794
 10:13:35	3079,762563	-4,268421	-1376,616939	0,118191	57,835166	0,981286	0,978836	0,975635	0,980542	0,980010	0,980821	20,510934	21,851377	-3,087863
 10:13:36	3079,676044	-4,204978	-1356,117592	0,118191	65,326099	0,980689	0,978938	0,975958	0,980857	0,980084	0,980801	20,493860	21,839314	-3,066755
 10:13:37	3079,608752	-4,193202	-1352,290836	0,118191	65,359660	0,980594	0,978952	0,975933	0,980764	0,980047	0,980787	20,492443	21,836443	-3,060983
 10:13:38	3279,281904	-4,136007	-1333,703735	0,118191	65,522673	0,980130	0,979017	0,975809	0,980312	0,979870	0,980717	20,485560	21,822497	-3,032945
 10:13:39	3279,551073	-4,141775	-1335,680967	0,260751	63,838843	0,980316	0,978997	0,975777	0,980337	0,979907	0,980713	20,487642	21,823560	-3,026273
 10:13:40	3280,661394	-4,165566	-1343,837048	0,848808	56,893046	0,981080	0,978910	0,975646	0,980442	0,980061	0,980698	20,496231	21,827945	-2,998752
 10:13:41	3280,637361	-4,140734	-1335,815693	0,669535	58,456054	0,980944	0,978907	0,975682	0,980430	0,980028	0,980689	20,496116	21,827194	-2,988491
 10:13:42	3280,562859	-4,063753	-1310,949489	0,113790	63,301379	0,980522	0,978896	0,975795	0,980391	0,979925	0,980661	20,495757	21,824866	-2,956680
 10:13:43	3280,192752	-4,094593	-1320,736520	0,111428	63,132613	0,980582	0,978954	0,975794	0,980410	0,979938	0,980740	20,499638	21,823785	-2,938845
 10:13:44	3279,183369	-4,178703	-1347,428421	0,104987	62,672340	0,980745	0,979111	0,975790	0,980461	0,979972	0,980955	20,510222	21,820839	-2,890205
 10:13:45	3278,981493	-4,169091	-1344,241182	0,106276	60,883032	0,980614	0,979030	0,975816	0,980536	0,979907	0,980910	20,499256	21,819452	-2,871846
 10:13:46	3278,493625	-4,145860	-1336,538686	0,109389	56,558869	0,980298	0,978836	0,975879	0,980717	0,979749	0,980801	20,472755	21,816102	-2,827479
 10:13:47	3279,233838	-4,149225	-1337,945431	0,399446	59,458585	0,980276	0,978850	0,975742	0,980617	0,979776	0,980709	20,475265	21,812624	-2,803358
 10:13:48	3280,661394	-4,155713	-1340,658439	0,958841	65,050894	0,980233	0,978878	0,975478	0,980424	0,979828	0,980531	20,480106	21,805916	-2,756837
 10:13:49	3280,392225	-4,171414	-1345,605106	0,670287	62,084055	0,980306	0,978924	0,975669	0,980427	0,979941	0,980661	20,483102	21,814571	-2,729248
 10:13:50	3279,873114	-4,201693	-1355,145105	0,113790	56,362294	0,980447	0,979013	0,976037	0,980433	0,980158	0,980913	20,488880	21,831261	-2,676041
 10:13:51	3279,488587	-4,242707	-1368,199579	0,108637	58,571602	0,980469	0,979024	0,975941	0,980328	0,980097	0,980847	20,484993	21,822202	-2,647629
 10:13:52	3278,887765	-4,306791	-1388,597194	0,100586	62,023644	0,980503	0,979041	0,975790	0,980163	0,980000	0,980745	20,478920	21,808048	-2,603234
 10:13:53	3279,132900	-4,283641	-1381,242179	0,111536	63,132133	0,980545	0,979012	0,975752	0,980219	0,980029	0,980683	20,480985	21,821012	-2,570925
 10:13:54	3279,478974	-4,250958	-1370,858629	0,126994	64,697060	0,980605	0,978971	0,975697	0,980298	0,980070	0,980596	20,483900	21,839314	-2,525313
 10:13:55	3279,752949	-4,237260	-1366,562397	0,282006	63,704118	0,980592	0,978915	0,975691	0,980304	0,980003	0,980618	20,479834	21,849852	-2,487036
 10:13:56	3280,070184	-4,221399	-1361,587814	0,461493	62,554396	0,980577	0,978850	0,975683	0,980312	0,979925	0,980643	20,475126	21,862053	-2,442715
 10:13:57	3280,454711	-4,261452	-1374,679801	0,294029	59,955775	0,980709	0,978825	0,975776	0,980516	0,979846	0,980699	20,466334	21,846570	-2,393831
 10:13:58	3280,858464	-4,303507	-1388,426387	0,118191	57,227223	0,980848	0,978799	0,975874	0,980731	0,979763	0,980759	20,457103	21,830314	-2,342503
 10:13:59	3280,202365	-4,264816	-1375,653245	0,113683	60,559882	0,980585	0,978935	0,975862	0,980495	0,979960	0,980831	20,459532	21,823398	-2,294921
 10:14:00	3279,577509	-4,227968	-1363,488347	0,109389	63,733844	0,980335	0,979064	0,975851	0,980270	0,980149	0,980899	20,461846	21,816812	-2,249606
 10:14:01	3279,301131	-4,143217	-1336,038766	0,331601	62,972956	0,980758	0,979124	0,975809	0,980401	0,979969	0,980865	20,425261	21,822260	-2,193450
 10:14:02	3279,084834	-4,076890	-1314,556485	0,505506	62,377479	0,981090	0,979171	0,975776	0,980503	0,979828	0,980838	20,396629	21,826524	-2,149502
 10:14:03	3279,084834	-4,123030	-1329,434061	0,276209	61,974740	0,981002	0,979119	0,975719	0,980506	0,979939	0,980871	20,415648	21,816125	-2,092514
 10:14:04	3279,084834	-4,155713	-1339,972344	0,113790	61,689467	0,980941	0,979083	0,975679	0,980508	0,980019	0,980894	20,429120	21,808759	-2,052147
 10:14:05	3280,466727	-4,247834	-1370,299080	0,116474	62,876107	0,980464	0,978944	0,975633	0,980357	0,980039	0,980837	20,441411	21,825513	-1,969149
 10:14:06	3281,351138	-4,306791	-1389,708191	0,118191	63,635556	0,980158	0,978854	0,975604	0,980261	0,980051	0,980801	20,449277	21,836235	-1,916031
 10:14:07	3281,156472	-4,263534	-1375,663740	0,112394	59,350708	0,980201	0,978946	0,975767	0,980341	0,980036	0,981000	20,427725	21,824848	-1,819515
 10:14:08	3281,055533	-4,241105	-1368,381433	0,109389	57,128935	0,980224	0,978994	0,975851	0,980382	0,980028	0,981104	20,416550	21,818944	-1,769470
 10:14:09	3221,838521	-4,263534	-1349,114648	0,431006	60,834128	0,980217	0,978896	0,975895	0,980426	0,979968	0,980767	20,402298	21,813444	-1,657188
 10:14:10	2994,344908	-4,273948	-1340,169355	0,580329	62,554396	0,980214	0,978850	0,975916	0,980447	0,979939	0,980610	20,395681	21,810891	-1,605057
 10:14:11	2999,103411	-4,305189	-1352,116507	0,409644	59,073586	0,980385	0,979082	0,975739	0,980454	0,979967	0,980406	20,425007	21,830302	-1,495874
 10:14:12	3000,848196	-4,316644	-1356,497130	0,347059	57,797289	0,980447	0,979166	0,975674	0,980456	0,979977	0,980331	20,435760	21,837419	-1,455840
 10:14:13	3006,882844	-4,286845	-1349,835821	0,174013	57,277086	0,980405	0,979307	0,975868	0,980428	0,980082	0,980683	20,410298	21,821480	-1,328129
 10:14:15	3008,829505	-4,277232	-1347,687011	0,118191	57,109278	0,980391	0,979353	0,975930	0,980419	0,980116	0,980796	20,402084	21,816338	-1,286932
 10:14:16	3009,444746	-4,246472	-1338,267968	0,118191	59,425982	0,980515	0,979069	0,975756	0,980365	0,979927	0,980760	20,408007	21,825952	-1,158170
 10:14:17	3009,617783	-4,237821	-1335,618862	0,118191	60,077555	0,980549	0,978990	0,975707	0,980349	0,979874	0,980750	20,409673	21,828656	-1,121956
 10:14:18	3010,598323	-4,254162	-1341,206298	0,213088	58,186603	0,980843	0,979117	0,975741	0,980299	0,979936	0,980746	20,401413	21,834745	-0,981162
 10:14:19	3010,800199	-4,257527	-1342,356653	0,232625	57,797289	0,980903	0,979143	0,975749	0,980289	0,979949	0,980745	20,399712	21,835998	-0,952175
 10:14:20	3007,603830	-4,296778	-1353,291764	0,172510	58,300712	0,980848	0,979084	0,975776	0,980563	0,980048	0,980630	20,389387	21,815778	-0,805593
 10:14:21	3007,055881	-4,303507	-1355,166354	0,162204	58,387013	0,980838	0,979073	0,975781	0,980610	0,980065	0,980610	20,387617	21,812312	-0,780465
 10:14:22	3007,142399	-4,228529	-1331,594060	0,119694	57,817426	0,980716	0,979106	0,975977	0,980340	0,980339	0,980700	20,419477	21,831654	-0,646536
 10:14:23	3007,154415	-4,218115	-1328,320131	0,113790	57,738317	0,980698	0,979111	0,976005	0,980303	0,980377	0,980712	20,423902	21,834340	-0,627935
 10:14:24	3010,533435	-4,196807	-1323,094531	0,113790	58,521739	0,980759	0,978847	0,975953	0,980648	0,980308	0,980738	20,402801	21,833023	-0,480225
 10:14:25	3010,800199	-4,195125	-1322,681984	0,113790	58,583588	0,980764	0,978827	0,975949	0,980675	0,980303	0,980740	20,401135	21,832919	-0,468563
 10:14:26	3009,206821	-4,198249	-1322,966441	0,666422	56,451952	0,980613	0,979013	0,976161	0,980622	0,980205	0,980740	20,387374	21,796644	-0,322280
 10:14:27	3009,125109	-4,198409	-1322,981029	0,694762	56,342637	0,980605	0,979022	0,976172	0,980619	0,980200	0,980740	20,386669	21,794783	-0,314778
 10:14:28	3003,311563	-4,218115	-1326,622666	0,135796	55,929830	0,980838	0,979157	0,976000	0,980554	0,980251	0,981052	20,365799	21,797626	-0,161848
 10:14:29	3003,366838	-4,218996	-1326,924420	0,135582	56,106747	0,980838	0,979152	0,976000	0,980554	0,980252	0,981047	20,365903	21,798076	-0,158606
 10:14:30	3005,577860	-4,254242	-1338,994575	0,126994	63,183435	0,980820	0,978966	0,975995	0,980563	0,980270	0,980815	20,370067	21,816102	-0,028953
 10:14:31	3005,592280	-4,252480	-1338,446269	0,126135	62,974394	0,980821	0,978975	0,975994	0,980566	0,980270	0,980819	20,370576	21,815304	-0,022494
 10:14:32	3005,873464	-4,218115	-1327,754309	0,109389	58,898107	0,980848	0,979148	0,975967	0,980624	0,980275	0,980894	20,380503	21,799758	0,103451
 10:14:33	3006,068130	-4,231813	-1332,155876	0,170900	58,865025	0,980846	0,979137	0,975964	0,980606	0,980266	0,980903	20,380485	21,803241	0,112061
 10:14:34	3008,533901	-4,405320	-1387,909055	0,950038	58,445986	0,980829	0,979003	0,975916	0,980377	0,980158	0,981015	20,380265	21,847368	0,221133
 10:14:35	3008,226281	-4,403077	-1387,061238	0,868453	58,242699	0,980823	0,979008	0,975922	0,980370	0,980124	0,980995	20,379965	21,846767	0,230249
 10:14:36	3005,380791	-4,382330	-1379,218934	0,113790	56,362294	0,980773	0,979055	0,975972	0,980307	0,979809	0,980810	20,377182	21,841209	0,314576
 10:14:37	3005,251014	-4,372237	-1375,983747	0,114434	56,730512	0,980744	0,979077	0,975946	0,980356	0,979838	0,980810	20,379126	21,843116	0,328362
 10:14:38	3004,493979	-4,313360	-1357,111822	0,118191	58,878450	0,980577	0,979208	0,975795	0,980643	0,980005	0,980806	20,390463	21,854237	0,408783
 10:14:39	3005,032315	-4,320089	-1359,474294	0,118943	59,395297	0,980595	0,979183	0,975820	0,980612	0,980028	0,980827	20,385523	21,853670	0,425075
 10:14:40	3007,647089	-4,352771	-1370,949156	0,122593	61,905699	0,980680	0,979059	0,975939	0,980466	0,980140	0,980931	20,361530	21,850921	0,504210
 10:14:41	3007,733607	-4,352050	-1370,761494	0,269446	60,822621	0,980717	0,979014	0,975912	0,980510	0,980165	0,980931	20,361530	21,855184	0,523300
 10:14:42	3008,041228	-4,349487	-1370,094253	0,791591	56,971676	0,980848	0,978854	0,975814	0,980666	0,980256	0,980931	20,361530	21,870343	0,591175
 10:14:43	2997,851305	-4,347084	-1364,706494	0,626274	58,601807	0,980795	0,978943	0,975811	0,980588	0,980213	0,980929	20,360257	21,861735	0,611604
 10:14:44	2966,262547	-4,339634	-1348,004442	0,113790	63,655214	0,980633	0,979218	0,975804	0,980345	0,980079	0,980922	20,356312	21,835051	0,674937
 10:14:45	2954,921468	-4,331704	-1340,422258	0,114971	62,210150	0,980726	0,979196	0,975752	0,980312	0,980112	0,980882	20,356503	21,845981	0,695022
 10:14:46	2923,991255	-4,310075	-1319,743574	0,118191	58,269068	0,980978	0,979139	0,975609	0,980224	0,980200	0,980773	20,357023	21,875791	0,749800
 10:14:47	2914,805930	-4,375681	-1335,487276	0,217274	57,969891	0,981002	0,979112	0,975675	0,980228	0,980115	0,980808	20,357475	21,868281	0,773878
 10:14:48	2895,022153	-4,516987	-1369,396787	0,430684	57,325510	0,981052	0,979055	0,975818	0,980237	0,979930	0,980885	20,358446	21,852105	0,825738
 10:14:49	2890,210796	-4,496800	-1361,030870	0,329991	59,493585	0,980836	0,979131	0,975885	0,980272	0,979983	0,980912	20,347352	21,858171	0,847243
 10:14:50	2880,931750	-4,457869	-1344,896602	0,135796	63,674871	0,980419	0,979278	0,976014	0,980340	0,980084	0,980964	20,325954	21,869869	0,888719
 10:14:51	2874,875500	-4,413411	-1328,733818	0,126135	62,078302	0,980504	0,979234	0,975956	0,980435	0,980082	0,980908	20,333590	21,865190	0,910342
 10:14:52	2864,377999	-4,336350	-1300,718326	0,109389	59,310914	0,980652	0,979157	0,975856	0,980601	0,980079	0,980810	20,346825	21,857079	0,947823
 10:14:53	2849,547408	-4,400354	-1312,942404	0,118513	58,862628	0,980482	0,979051	0,975937	0,980628	0,980070	0,980880	20,326076	21,861793	0,972866
 10:14:54	2828,610103	-4,490712	-1330,199926	0,131395	58,229753	0,980242	0,978901	0,976051	0,980666	0,980056	0,980978	20,296782	21,868448	1,008220
 10:14:56	2820,693733	-4,520992	-1335,389132	0,372930	57,979480	0,980606	0,978987	0,976072	0,980511	0,980113	0,980917	20,306466	21,853578	1,032459
 10:14:57	2810,578370	-4,559682	-1342,019783	0,681559	57,659687	0,981071	0,979097	0,976098	0,980312	0,980186	0,980838	20,318839	21,834577	1,063431
 10:14:58	2807,309925	-4,583714	-1347,515296	0,411039	60,613101	0,981026	0,979149	0,976009	0,980348	0,980179	0,980850	20,335383	21,855028	1,081380
 10:14:59	2803,878057	-4,608947	-1353,285586	0,126994	63,714186	0,980978	0,979204	0,975916	0,980386	0,980172	0,980861	20,352754	21,876501	1,100226
 10:15:00	2803,121028	-4,548388	-1335,148057	0,117977	60,421801	0,980696	0,979297	0,975938	0,980453	0,980208	0,980871	20,319712	21,858425	1,120284
 10:15:01	2802,400047	-4,490712	-1317,874221	0,109389	57,286195	0,980428	0,979385	0,975958	0,980517	0,980242	0,980880	20,288243	21,841209	1,139386
 10:15:02	2803,034510	-4,379687	-1285,576566	0,114112	58,203863	0,980568	0,979238	0,975938	0,980472	0,980195	0,980920	20,312296	21,856842	1,158456
 10:15:03	2803,582455	-4,283801	-1257,683136	0,118191	58,996395	0,980689	0,979111	0,975921	0,980433	0,980154	0,980955	20,333069	21,870343	1,174926
 10:15:04	2802,890314	-4,333786	-1272,041718	0,620584	61,424331	0,980945	0,979004	0,975888	0,980496	0,980205	0,980968	20,330848	21,863826	1,196986
 10:15:05	2802,400047	-4,369193	-1282,212381	0,976446	63,144120	0,981127	0,978929	0,975865	0,980540	0,980242	0,980978	20,329275	21,859211	1,212612
 10:15:06	2805,584378	-4,345161	-1276,603760	0,447753	62,412958	0,980752	0,979003	0,975922	0,980444	0,980092	0,980904	20,320887	21,873364	1,229778
 10:15:07	2807,622350	-4,329781	-1273,014242	0,109389	61,945014	0,980512	0,979050	0,975958	0,980382	0,979995	0,980857	20,315519	21,882423	1,240764
 10:15:08	2807,684835	-4,421421	-1299,986941	0,095433	59,140230	0,980565	0,979074	0,976100	0,980497	0,980193	0,980866	20,304088	21,849828	1,257450
 10:15:09	2807,720884	-4,474291	-1315,548113	0,087382	57,522085	0,980596	0,979087	0,976182	0,980563	0,980307	0,980871	20,297493	21,831024	1,267077
 10:15:10	2804,558182	-4,561765	-1339,743441	0,108423	59,589475	0,980653	0,979075	0,975994	0,980452	0,980050	0,980887	20,296845	21,853185	1,283928
 10:15:11	2803,089785	-4,602378	-1350,976987	0,118191	60,549334	0,980680	0,979069	0,975907	0,980400	0,979930	0,980894	20,296545	21,863474	1,291752
 10:15:12	2801,974669	-4,521072	-1326,586339	0,488653	60,702279	0,980706	0,979062	0,975992	0,980509	0,980012	0,980720	20,294532	21,845883	1,309309
 10:15:13	2801,513241	-4,487428	-1316,493658	0,641947	60,765566	0,980717	0,979059	0,976028	0,980554	0,980047	0,980647	20,293698	21,838604	1,316574
 10:15:14	2802,630761	-4,611590	-1353,464100	0,242609	62,162685	0,980386	0,979000	0,975979	0,980399	0,980237	0,980813	20,290471	21,861706	1,331351
 10:15:15	2802,991251	-4,651643	-1365,390050	0,113790	62,613368	0,980279	0,978980	0,975963	0,980349	0,980298	0,980866	20,289429	21,869159	1,336117
 10:15:16	2804,144820	-4,572179	-1342,614687	0,117225	62,766792	0,980338	0,978664	0,975683	0,980011	0,979898	0,980521	20,292761	21,857327	1,352664
 10:15:17	2804,469261	-4,549830	-1336,209116	0,118191	62,809943	0,980354	0,978575	0,975604	0,979916	0,979786	0,980424	20,293698	21,854000	1,357317
 10:15:18	2803,993414	-4,541899	-1333,653862	0,121734	61,069538	0,980189	0,978331	0,975331	0,980017	0,979535	0,980293	20,285872	21,864676	1,368185
 10:15:19	2803,878057	-4,539977	-1333,034407	0,122593	60,647622	0,980149	0,978272	0,975264	0,980042	0,979474	0,980261	20,283974	21,867264	1,370820
 10:15:20	2800,008795	-4,371756	-1281,881589	0,641088	58,466122	0,979982	0,978551	0,975467	0,979990	0,979323	0,980106	20,278710	21,863422	1,387628
 10:15:21	2799,345493	-4,342918	-1273,112534	0,729973	58,092151	0,979953	0,978598	0,975502	0,979981	0,979297	0,980079	20,277807	21,862764	1,390509
 10:15:22	2803,325305	-4,279475	-1256,294248	0,215986	60,646663	0,979774	0,978410	0,975121	0,979871	0,979571	0,980046	20,274059	21,862764	1,402493
 10:15:23	2803,878057	-4,270664	-1253,958375	0,144599	61,001456	0,979749	0,978384	0,975069	0,979856	0,979609	0,980042	20,273538	21,862764	1,404157
 10:15:24	2806,278922	-4,353653	-1279,422490	0,116796	61,817480	0,979942	0,978212	0,975254	0,979851	0,979441	0,980101	20,290661	21,885421	1,419315
 10:15:25	2806,538475	-4,362624	-1282,175367	0,113790	61,905699	0,979963	0,978193	0,975274	0,979851	0,979423	0,980107	20,292513	21,887870	1,420953
 10:15:26	2806,913385	-4,393865	-1291,529647	0,122163	58,184685	0,979892	0,978273	0,975012	0,979838	0,979241	0,980036	20,264537	21,847541	1,444079
 10:15:27	2806,932611	-4,395467	-1292,009353	0,122593	57,993864	0,979888	0,978277	0,974999	0,979837	0,979232	0,980033	20,263102	21,845473	1,445265
 10:15:28	2784,918678	-4,360221	-1271,599486	0,921269	61,062346	0,979979	0,978309	0,975190	0,979265	0,979454	0,980342	20,268887	21,830683	1,467261
 10:15:29	2783,632931	-4,359660	-1270,845938	0,921698	61,233510	0,979981	0,978306	0,975199	0,979264	0,979457	0,980339	20,268841	21,830418	1,466790
 10:15:30	2754,216958	-4,372477	-1261,113913	0,140198	65,011579	0,979972	0,978175	0,975376	0,979818	0,979339	0,979930	20,261205	21,834577	1,425958
 10:15:31	2751,914632	-4,397951	-1267,280866	0,139554	64,690347	0,979967	0,978176	0,975373	0,979802	0,979343	0,979930	20,260302	21,834889	1,418889
 10:15:32	2707,019281	-4,894681	-1387,536439	0,126994	58,426328	0,979870	0,978207	0,975311	0,979483	0,979418	0,979930	20,242704	21,840972	1,281052
 10:15:33	2706,168527	-4,875456	-1381,673850	0,127316	59,100915	0,979859	0,978208	0,975284	0,979492	0,979416	0,979933	20,240830	21,839447	1,279282
 10:15:34	2695,392307	-4,631937	-1307,414388	0,131395	67,645680	0,979721	0,978221	0,974943	0,979604	0,979395	0,979972	20,217087	21,820128	1,256850
 10:15:35	2697,170720	-4,630736	-1307,936025	0,150181	68,954580	0,979759	0,978225	0,974980	0,979609	0,979357	0,979984	20,220385	21,821775	1,237170
 10:15:37	2709,975292	-4,622084	-1311,691806	0,285441	78,378660	0,980037	0,978254	0,975246	0,979641	0,979083	0,980070	20,244127	21,833630	1,095476
 10:15:38	2710,552075	-4,586998	-1301,999524	0,261609	76,264283	0,980017	0,978249	0,975229	0,979637	0,979134	0,980052	20,245203	21,834184	0,996918
 10:15:39	2713,916641	-4,382330	-1245,461217	0,122593	63,930418	0,979898	0,978221	0,975134	0,979609	0,979437	0,979949	20,251480	21,837419	0,421994
 10:15:40	2725,877687	-4,429993	-1264,845711	0,121090	65,222537	0,979939	0,978216	0,975131	0,979618	0,979396	0,979951	20,252087	21,839846	0,337068
 10:15:41	2783,974194	-4,661496	-1358,998971	0,113790	71,498544	0,980140	0,978189	0,975115	0,979660	0,979199	0,979963	20,255038	21,851631	-0,075429
 10:15:42	2780,686526	-4,596130	-1338,452916	0,197093	68,318829	0,980145	0,978256	0,975110	0,979657	0,979224	0,979956	20,249947	21,848812	-0,127070
 10:15:43	2767,124894	-4,326497	-1253,700442	0,540717	55,202504	0,980168	0,978533	0,975087	0,979646	0,979325	0,979930	20,228947	21,837183	-0,340090
 10:15:44	2763,815599	-4,164284	-1205,452430	0,449900	43,862552	0,980053	0,978426	0,975078	0,979717	0,979298	0,979927	20,227854	21,832035	-0,300493
 10:15:45	2752,049213	-3,587529	-1033,903942	0,126994	3,542723	0,979646	0,978044	0,975045	0,979967	0,979204	0,979916	20,223966	21,813733	-0,159701
 10:15:46	2749,910308	-3,420910	-985,235011	0,131288	3,082451	0,979698	0,978115	0,975064	0,979894	0,979187	0,979913	20,220900	21,817257	-0,169385
 10:15:47	2743,279703	-2,904394	-834,361325	0,144599	1,655608	0,979860	0,978333	0,975120	0,979665	0,979134	0,979902	20,211395	21,828182	-0,199407
 10:15:48	2739,299899	-2,813074	-807,047004	0,139446	2,052593	0,979852	0,978315	0,975078	0,979643	0,979160	0,979884	20,222780	21,834352	-0,288096
 10:15:49	2729,682040	-2,592385	-741,037394	0,126994	3,011972	0,979832	0,978272	0,974976	0,979590	0,979222	0,979842	20,250294	21,849263	-0,502428
 10:15:50	2727,026435	-2,469504	-705,298501	0,390750	2,993273	0,979883	0,978269	0,975040	0,979701	0,979211	0,979886	20,250294	21,845958	-0,598485
 10:15:51	2721,306671	-2,204837	-628,322424	0,958841	2,952999	0,979991	0,978263	0,975180	0,979939	0,979185	0,979981	20,250294	21,838841	-0,805377
 10:15:52	2689,276043	-2,149885	-605,806749	0,680807	2,107250	0,979860	0,978257	0,975137	0,979815	0,979164	0,979969	20,244301	21,843289	-0,862549
 10:15:53	2627,502689	-2,043906	-562,383662	0,144599	0,476162	0,979609	0,978244	0,975055	0,979576	0,979125	0,979944	20,232742	21,851868	-0,972810
 10:15:54	2533,218540	-1,977259	-525,551443	0,127423	0,407121	0,979780	0,978188	0,975135	0,979616	0,979194	0,979984	20,213859	21,840036	-0,981808
 10:15:55	2385,899558	-1,873122	-468,001102	0,100586	0,299245	0,980047	0,978100	0,975260	0,979679	0,979302	0,980047	20,184354	21,821550	-0,995866
 10:15:56	2284,661117	-1,892187	-452,418823	0,111536	0,413354	0,979931	0,978090	0,975219	0,979661	0,979139	0,979958	20,193894	21,823907	-0,999526
 10:15:57	2141,736259	-1,919102	-430,420312	0,126994	0,574449	0,979767	0,978077	0,975162	0,979637	0,978910	0,979832	20,207362	21,827234	-1,004692
 10:15:58	2040,003364	-1,780601	-382,095869	0,363591	1,212117	0,979750	0,978146	0,975218	0,979479	0,978951	0,979869	20,209671	21,823722	-0,957485
 10:15:59	1922,207381	-1,620231	-326,141252	0,637546	1,950470	0,979730	0,978226	0,975283	0,979297	0,978999	0,979912	20,212344	21,819655	-0,902824
 10:16:00	1808,680108	-1,560953	-296,391561	0,405672	1,240884	0,979521	0,978158	0,975249	0,979429	0,979067	0,979902	20,219401	21,837795	-0,834748
 10:16:01	1689,476471	-1,498712	-265,154385	0,162204	0,495819	0,979302	0,978086	0,975213	0,979567	0,979139	0,979893	20,226812	21,856842	-0,763269
 10:16:02	1552,054871	-1,454974	-237,077573	0,153187	0,526025	0,979645	0,978189	0,975180	0,979581	0,979160	0,979995	20,216607	21,846894	-0,758748
 10:16:03	1421,177158	-1,413320	-210,337752	0,144599	0,554791	0,979972	0,978286	0,975148	0,979595	0,979180	0,980093	20,206888	21,837419	-0,754443
 10:16:04	1286,728930	-1,400983	-188,926833	0,328810	0,554791	0,979902	0,978094	0,974985	0,979705	0,979043	0,979886	20,204088	21,818990	-0,789058
 10:16:05	1170,614552	-1,390330	-170,435585	0,487901	0,554791	0,979842	0,977928	0,974845	0,979800	0,978924	0,979707	20,201670	21,803074	-0,818952
 10:16:06	879,105774	-1,183979	-113,926620	0,295317	0,521709	0,979711	0,977954	0,975004	0,979536	0,979039	0,979871	20,207524	21,805731	-0,847260
 10:16:07	650,968470	-1,022487	-69,702213	0,144599	0,495819	0,979609	0,977974	0,975129	0,979329	0,979129	0,980000	20,212106	21,807811	-0,869413
 10:16:08	257,211858	-0,413690	-27,208864	0,133864	0,459860	0,980001	0,978162	0,975124	0,979534	0,978894	0,979980	20,212829	21,819943	-0,873219
 10:16:09	5,207626	-0,024059	-0,013120	0,126994	0,436847	0,980251	0,978282	0,975120	0,979665	0,978743	0,979967	20,213292	21,827708	-0,875655
 10:16:10	4,082952	-0,065714	-0,025267	0,087919	0,224930	0,980086	0,978184	0,974919	0,979579	0,979112	0,979988	20,213593	21,826807	-0,883375
 10:16:11	3,434102	-0,089745	-0,032274	0,065376	0,102670	0,979991	0,978128	0,974803	0,979530	0,979325	0,980000	20,213767	21,826287	-0,887829
 10:16:12	3,703255	-0,044886	-0,016820	0,113468	0,075821	0,979781	0,978099	0,975010	0,979568	0,979163	0,979946	20,204047	21,823213	-0,914051
 10:16:13	3,828218	-0,024059	-0,009645	0,135796	0,063355	0,979683	0,978086	0,975106	0,979586	0,979087	0,979921	20,199535	21,821786	-0,926225
 10:16:14	4,385749	0,003817	0,002427	0,521823	0,244108	0,979532	0,978261	0,974846	0,979592	0,979196	0,979950	20,199703	21,815420	-0,952959
 10:16:15	4,616451	0,015353	0,007422	0,681559	0,318902	0,979469	0,978333	0,974738	0,979595	0,979241	0,979963	20,199772	21,812785	-0,964021
 10:16:16	3,967601	0,012949	0,005440	0,246795	0,246985	0,979898	0,978234	0,974936	0,979496	0,979207	0,979850	20,193350	21,807413	-0,989560
 10:16:18	3,729689	0,012068	0,004714	0,087382	0,220615	0,980056	0,978198	0,975008	0,979460	0,979194	0,979809	20,190996	21,805443	-0,998924
 10:16:19	3,268285	-0,028945	-0,009349	0,059901	0,113218	0,980238	0,978158	0,975143	0,979405	0,979064	0,979827	20,161004	21,761257	-1,011777
 10:16:20	3,138514	-0,040481	-0,013305	0,052172	0,083013	0,980289	0,978147	0,975180	0,979390	0,979027	0,979832	20,152569	21,748829	-1,015392
 10:16:21	3,455730	-0,035194	-0,012693	0,055714	0,114657	0,979592	0,978128	0,975319	0,979255	0,979192	0,979829	20,167079	21,762938	-1,011027
 10:16:22	3,532631	-0,033912	-0,012545	0,056573	0,122328	0,979423	0,978123	0,975353	0,979222	0,979232	0,979828	20,170597	21,766358	-1,009969
 10:16:23	4,186288	-0,036636	-0,016099	0,490907	0,301642	0,979979	0,978073	0,975055	0,979419	0,979293	0,979828	20,203642	21,791698	-1,016081
 10:16:24	4,320864	-0,037196	-0,016831	0,580329	0,338560	0,980093	0,978063	0,974994	0,979460	0,979306	0,979828	20,210446	21,796915	-1,017339
 10:16:25	3,196190	-0,042964	-0,014286	0,112716	0,096917	0,979930	0,978198	0,975072	0,979717	0,979012	0,979820	20,202323	21,805027	-1,017787
 10:16:26	3,039985	-0,043765	-0,013932	0,047770	0,063355	0,979907	0,978217	0,975083	0,979753	0,978971	0,979818	20,201195	21,806153	-1,017849
 10:16:27	3,306735	-0,079331	-0,027578	0,051742	0,045616	0,979814	0,978284	0,975087	0,979467	0,979105	0,979907	20,197342	21,787128	-1,017455
 10:16:28	3,335573	-0,083177	-0,029054	0,052172	0,043698	0,979804	0,978291	0,975087	0,979437	0,979120	0,979916	20,196926	21,785072	-1,017412
 10:16:29	4,179078	-0,017571	-0,007392	0,508512	0,249382	0,980194	0,978021	0,975202	0,979445	0,979226	0,979938	20,217458	21,778763	-1,017568
 10:16:30	4,222335	-0,014206	-0,006281	0,531914	0,259930	0,980214	0,978007	0,975208	0,979446	0,979232	0,979939	20,218511	21,778439	-1,017576
 10:16:31	3,933957	-0,065473	-0,026934	0,085342	0,144862	0,979896	0,978261	0,975286	0,979782	0,979304	0,980039	20,203006	21,789994	-1,017984
 10:16:32	3,926747	-0,066755	-0,027450	0,074178	0,141985	0,979888	0,978268	0,975288	0,979790	0,979306	0,980042	20,202619	21,790283	-1,017994
 10:16:33	3,631160	-0,027343	-0,010397	0,104987	0,240272	0,980391	0,978296	0,975148	0,979711	0,979311	0,979651	20,223254	21,807811	-1,018122
 10:16:34	3,652788	-0,027984	-0,010763	0,104773	0,241711	0,980387	0,978294	0,975146	0,979710	0,979307	0,979655	20,223463	21,808008	-1,018111
 10:16:35	4,517922	-0,053618	-0,025367	0,096185	0,299245	0,980214	0,978221	0,975055	0,979641	0,979166	0,979842	20,231793	21,815865	-1,017685
 10:16:36	4,479472	-0,053297	-0,025026	0,129892	0,293491	0,980200	0,978215	0,975047	0,979638	0,979164	0,979847	20,231180	21,815726	-1,017723
 10:16:37	3,729689	-0,047049	-0,018376	0,787190	0,181300	0,979916	0,978100	0,974906	0,979581	0,979125	0,979958	20,219222	21,813022	-1,018467
 10:16:38	3,720077	-0,051215	-0,019913	0,713334	0,162122	0,979933	0,978094	0,974910	0,979564	0,979123	0,979940	20,218736	21,811197	-1,018437
 10:16:39	3,631160	-0,089745	-0,034126	0,030165	-0,015274	0,980084	0,978035	0,974948	0,979409	0,979106	0,979776	20,214241	21,794310	-1,018158
 10:16:40	3,679223	-0,087743	-0,033734	0,035533	0,006301	0,980060	0,978053	0,974967	0,979437	0,979110	0,979806	20,213807	21,794656	-1,018120
 10:16:41	4,025277	-0,073324	-0,030908	0,074178	0,161643	0,979888	0,978179	0,975106	0,979641	0,979139	0,980019	20,210683	21,797152	-1,017849
 10:16:42	3,924344	-0,066034	-0,027511	0,074930	0,168355	0,979926	0,978182	0,975127	0,979617	0,979137	0,979993	20,208699	21,797435	-1,017908
 10:16:43	3,434102	-0,030628	-0,011014	0,078579	0,200958	0,980112	0,978198	0,975227	0,979497	0,979129	0,979870	20,199061	21,798810	-1,018195
 10:16:44	3,491777	-0,042163	-0,015705	0,238315	0,170273	0,980032	0,978260	0,975257	0,979581	0,979193	0,979932	20,207484	21,804911	-1,018106
 10:16:45	3,729689	-0,089745	-0,035052	0,897223	0,043698	0,979702	0,978515	0,975381	0,979925	0,979455	0,980191	20,242230	21,830077	-1,017740
